[[1]]
[[1]][[1]]
    obs
real   1   2   3   4   5
   1   0 197   0 203   0
   2   4   0 196   0   0
   3   1   0 199   0   0
   4   0 200   0   0 200

[[1]][[2]]
    obs
real   1   2   4   5   6
   1   0 193 207   0   0
   2  13   0   0   0 187
   3   4   0   0   0 196
   4   0 200   0 200   0

[[1]][[3]]
    obs
real   1   2   3   4   5
   1   0  87   0 313   0
   2 112   1  87   0   0
   3   8   2 190   0   0
   4   0 197   0   0 203

[[1]][[4]]
    obs
real   1   2   4   5   6
   1   0  14 386   0   0
   2 180   0   0   0  20
   3  12   0   0   0 188
   4   0 193   0 207   0

[[1]][[5]]
    obs
real   1   2   4   5
   1   0   0 399   1
   2 187  12   1   0
   3  17 183   0   0
   4   0   0   0 400

[[1]][[6]]
    obs
real   1   2   3   4   5   6
   1   0   0   0 400   0   0
   2 191   6   1   0   0   2
   3  16 179   5   0   0   0
   4   0   0   0   0 400   0

[[1]][[7]]
    obs
real   1   3   4   5
   1   0   0 400   0
   2 195   5   0   0
   3  20 180   0   0
   4   0   0   0 400

[[1]][[8]]
    obs
real   1   2   4   5
   1   0   0 400   0
   2 196   4   0   0
   3  22 178   0   0
   4   0   0   0 400

[[1]][[9]]
    obs
real   1   3   4   5
   1   0   0 400   0
   2 196   4   0   0
   3  22 178   0   0
   4   0   0   0 400

[[1]][[10]]
    obs
real   1   2   4   5
   1   0   0 400   0
   2 198   2   0   0
   3  21 179   0   0
   4   0   0   0 400

[[1]][[11]]
    obs
real   1   3   4   5   6   7
   1   0   0 400   0   0   0
   2 168   4   0   0  28   0
   3  10 178   0   0  11   1
   4   0   0   0 400   0   0

[[1]][[12]]
    obs
real   1   2   3   4   5
   1   0   0   0 400   0
   2 190   3   7   0   0
   3  10 183   7   0   0
   4   0   0   0   0 400

[[1]][[13]]
    obs
real   1   2   4   5   6
   1   0   0 400   0   0
   2 190   5   0   0   5
   3  10   2   0   0 188
   4   0   0   0 400   0

[[1]][[14]]
    obs
real   2   3   4   5   6
   1   0   0 400   0   0
   2  12   6   0   0 182
   3   4 187   0   0   9
   4   0   0   0 400   0

[[1]][[15]]
    obs
real   1   2   3   4   5
   1   0   0   0 400   0
   2   4  17 179   0   0
   3 187   4   9   0   0
   4   0   0   0   0 400

[[1]][[16]]
    obs
real   1   3   4   5   6
   1   0   0 400   0   0
   2   6 190   0   0   4
   3   2  10   0   0 188
   4   0   0   0 400   0

[[1]][[17]]
    obs
real   2   3   4   5   6
   1   0   0 400   0   0
   2   5   7   0   0 188
   3 187   3   0   0  10
   4   0   0   0 400   0

[[1]][[18]]
    obs
real   1   2   4   5
   1   0   0 400   0
   2   4 196   0   0
   3 186  14   0   0
   4   0   0   0 400

[[1]][[19]]
    obs
real   2   3   4   5
   1   0   0 400   0
   2 195   5   0   0
   3  23 176   0   1
   4   0   0   0 400

[[1]][[20]]
    obs
real   1   2   3   4   5
   1   0   0   0 400   0
   2   6 190   4   0   0
   3 180  10  10   0   0
   4   0   0   0   0 400

[[1]][[21]]
    obs
real   1   2   4   5   6
   1   0   0 400   0   0
   2 190   4   0   0   6
   3  10   5   0   1 184
   4   0   0   0 400   0

[[1]][[22]]
    obs
real   1   3   4   5   6
   1   0   0 400   0   0
   2   4   6   0   0 190
   3   3 187   0   0  10
   4   0   0   0 400   0

[[1]][[23]]
    obs
real   1   3   4   5
   1   0   0 400   0
   2 196   4   0   0
   3  17 182   0   1
   4   0   0   0 400

[[1]][[24]]
    obs
real   2   3   4   5
   1   0   0 400   0
   2   3 197   0   0
   3 182  18   0   0
   4   0   0   0 400

[[1]][[25]]
    obs
real   1   3   4   5
   1   0   0 400   0
   2   3 197   0   0
   3 177  22   0   1
   4   0   0   0 400

[[1]][[26]]
    obs
real   1   2   3   4   5
   1   0   0   0 400   0
   2 194   6   0   0   0
   3  25 174   1   0   0
   4   0   0   2   0 398

[[1]][[27]]
    obs
real   1   4   5   6
   1   0 400   0   0
   2 196   0   0   4
   3  28   0   0 172
   4   0   0 399   1

[[1]][[28]]
    obs
real   1   2   3   4   5   6
   1   0   0   0 400   0   0
   2 190   6   0   0   0   4
   3  10   6   2   0   0 182
   4   0   0   0   0 400   0

[[1]][[29]]
    obs
real   1   2   4   5   8
   1   0   0 400   0   0
   2   3 193   0   0   4
   3   1  20   0   0 179
   4   0   0   0 400   0

[[1]][[30]]
    obs
real   1   3   4   5
   1   0   0 400   0
   2 196   4   0   0
   3  18 182   0   0
   4   0   0   0 400


[[2]]
[[2]][[1]]
    obs
real   2   3   4   5
   1 200   0 200   0
   2   0 200   0   0
   3   0 200   0   0
   4 201   0   0 199

[[2]][[2]]
    obs
real   1   2   4   5   6
   1   0 200 200   0   0
   2 200   0   0   0   0
   3 189   0   0   0  11
   4   0 189   0 211   0

[[2]][[3]]
    obs
real   1   2   3   4   5
   1   0   0 200 200   0
   2   5 195   0   0   0
   3  87 113   0   0   0
   4   0   0 108   0 292

[[2]][[4]]
    obs
real   2   3   4   5   6
   1   0   0 200   0 200
   2   7 192   1   0   0
   3 145  55   0   0   0
   4   0   0   0 352  48

[[2]][[5]]
    obs
real   1   3   4   5   6
   1 200   0 200   0   0
   2   0  21   0   0 179
   3   0 167   0   0  33
   4  12   0   0 388   0

[[2]][[6]]
    obs
real   1   2   4   5
   1   0   0 400   0
   2 170  30   0   0
   3  30 170   0   0
   4   0   0   0 400

[[2]][[7]]
    obs
real   1   3   4   5
   1   0   0 400   0
   2  30 170   0   0
   3 170  29   0   1
   4   0   0   0 400

[[2]][[8]]
    obs
real   2   3   4   5
   1   0   0 400   0
   2 170  30   0   0
   3  28 170   0   2
   4   0   0   0 400

[[2]][[9]]
    obs
real   1   2   4   5
   1   0   0 400   0
   2 170  30   0   0
   3  27 170   0   3
   4   0   0   0 400

[[2]][[10]]
    obs
real   1   3   4   5
   1   0   0 400   0
   2  30 170   0   0
   3 170  28   0   2
   4   0   0   0 400

[[2]][[11]]
    obs
real   1   2   3   4   5
   1   0   0   0 400   0
   2   0 170  29   1   0
   3   5  25 170   0   0
   4   1   0   0   0 399

[[2]][[12]]
    obs
real   2   3   4   5   6   7
   1   0   0 400   0   0   0
   2  30   1   0   0 169   0
   3 170   7   0   0  22   1
   4   0   0   0 400   0   0

[[2]][[13]]
    obs
real   1   2   4   5   6
   1   0   0 400   0   0
   2 170   0   0   0  30
   3  20  10   0   0 170
   4   0   0   0 400   0

[[2]][[14]]
    obs
real   3   4   5   6   7
   1   0 400   0   0   0
   2 166   0   0   2  32
   3  18   0   0  12 170
   4   0   0 400   0   0

[[2]][[15]]
    obs
real   1   2   4   5   7
   1   0   1 399   0   0
   2 169   0   0   0  31
   3  17   0   0   0 183
   4   0   0   0 400   0

[[2]][[16]]
    obs
real   1   3   4   5   7
   1   0   0 400   0   0
   2 163   7   0   0  30
   3  15  15   0   0 170
   4   0   0   0 400   0

[[2]][[17]]
    obs
real   1   2   4   5   6
   1   0   0 400   0   0
   2  30 166   0   0   4
   3 170  14   0   0  16
   4   0   0   0 400   0

[[2]][[18]]
    obs
real   1   2   3   4   5
   1   0   0   0 400   0
   2   9  30 161   0   0
   3  18 170  12   0   0
   4   0   0   0   0 400

[[2]][[19]]
    obs
real   1   4   5   6
   1   0 400   0   0
   2  38   0   0 162
   3 188   0   0  12
   4   0   0 400   0

[[2]][[20]]
    obs
real   1   2   4   5
   1   0   0 400   0
   2  52 148   0   0
   3 188  12   0   0
   4   0   0   0 400

[[2]][[21]]
    obs
real   1   2   3   4   5
   1   0   0   0 400   0
   2  62   0 138   0   0
   3 191   1   8   0   0
   4   0   0   0   0 400

[[2]][[22]]
    obs
real   1   2   4   5   6
   1   0   0 400   0   0
   2  60   0   0   0 140
   3 191   0   0   0   9
   4   0   2   0 398   0

[[2]][[23]]
    obs
real   1   3   4   5
   1   0   0 400   0
   2  43 157   0   0
   3 183  17   0   0
   4   0   0   0 400

[[2]][[24]]
    obs
real   1   2   4   5
   1   0   0 400   0
   2  41 159   0   0
   3 189  11   0   0
   4   0   0   0 400

[[2]][[25]]
    obs
real   2   3   4   5   6
   1   0   0 400   0   0
   2 161  30   0   0   9
   3  20 170   0   0  10
   4   0   0   0 400   0

[[2]][[26]]
    obs
real   1   2   3   4   5   6   7
   1   0   0   0 400   0   0   0
   2 165  30   5   0   0   0   0
   3  17 170   9   0   0   3   1
   4   0   0   0   0 400   0   0

[[2]][[27]]
    obs
real   1   2   4   5   8
   1   0   0 400   0   0
   2  30   4   0   0 166
   3 170  14   0   0  16
   4   0   0   0 400   0

[[2]][[28]]
    obs
real   1   3   4   5   8
   1   0   0 400   0   0
   2   6  30   0   0 164
   3  12 170   0   0  18
   4   0   0   0 400   0

[[2]][[29]]
    obs
real   2   3   4   5   6
   1   0   0 400   0   0
   2 164   6   0   0  30
   3  17  13   0   0 170
   4   0   0   0 400   0

[[2]][[30]]
    obs
real   2   3   4   5
   1   0   0 400   0
   2 161  39   0   0
   3  16 184   0   0
   4   0   0   0 400


[[3]]
[[3]][[1]]
    obs
real   2   3   4   5
   1 200   0 200   0
   2   0 200   0   0
   3   0 200   0   0
   4 200   0   0 200

[[3]][[2]]
    obs
real   1   2   4   5
   1 200   0 200   0
   2   0 200   0   0
   3   0 200   0   0
   4 200   0   0 200

[[3]][[3]]
    obs
real   1   3   4   5
   1   0 200 200   0
   2 200   0   0   0
   3 200   0   0   0
   4   0 200   0 200

[[3]][[4]]
    obs
real   2   3   4   5
   1   0 199 201   0
   2 199   1   0   0
   3 200   0   0   0
   4   0 200   0 200

[[3]][[5]]
    obs
real   1   3   4   5
   1 200   0 200   0
   2   0 200   0   0
   3   0 200   0   0
   4 200   0   0 200

[[3]][[6]]
    obs
real   1   2   4   5
   1   0 200 200   0
   2 200   0   0   0
   3 200   0   0   0
   4   0 200   0 200

[[3]][[7]]
    obs
real   2   3   4   5
   1   0 200 200   0
   2 200   0   0   0
   3 200   0   0   0
   4   0 200   0 200

[[3]][[8]]
    obs
real   1   3   4   5
   1 200   0 200   0
   2   0 200   0   0
   3   0 200   0   0
   4 200   0   0 200

[[3]][[9]]
    obs
real   1   2   3   4   5
   1 200   1   0 199   0
   2   0   0 200   0   0
   3   0   0 200   0   0
   4 201   0   0   0 199

[[3]][[10]]
    obs
real   1   4   5   6
   1   0 200   0 200
   2 200   0   0   0
   3 200   0   0   0
   4   0   0 200 200

[[3]][[11]]
    obs
real   3   4   5   6
   1 200 200   0   0
   2   0   0   0 200
   3   0   0   0 200
   4 200   0 200   0

[[3]][[12]]
    obs
real   1   3   4   5   6
   1 200   0 200   0   0
   2   0 200   0   0   0
   3   0 197   0   0   3
   4 197   0   0 203   0

[[3]][[13]]
    obs
real   1   4   5   6   7
   1 199 201   0   0   0
   2   0   0   0   1 199
   3   0   0   0  23 177
   4 179   0 221   0   0

[[3]][[14]]
    obs
real   1   3   4   5   6   7
   1   0 197 203   0   0   0
   2 194   0   0   0   4   2
   3 106   0   0   0  76  18
   4   0 103   0 297   0   0

[[3]][[15]]
    obs
real   1   3   4   5   6   8
   1   0   0 218   0   0 182
   2  14 179   0   0   7   0
   3  32  41   0   0 127   0
   4   0   0   0 362   0  38

[[3]][[16]]
    obs
real   4   5   6   7   8   9
   1 240   0   0 160   0   0
   2   0   0  25   0 147  28
   3   0   0 147   0  21  32
   4   0 390   2   8   0   0

[[3]][[17]]
    obs
real   1   3   4   5   6
   1   0   0 400   0   0
   2 127  32   0   0  41
   3  14  34   0   0 152
   4   0   0   0 399   1

[[3]][[18]]
    obs
real   1   4   5   6   7
   1   0 400   0   0   0
   2  37   0   0  35 128
   3  49   0   0 132  19
   4   1   0 399   0   0

[[3]][[19]]
    obs
real   1   3   4   5   6
   1   0   0 400   0   0
   2  44 133   0   0  23
   3  49  17   0   0 134
   4   0   0   0 399   1

[[3]][[20]]
    obs
real   3   4   5   6   7
   1   0 400   0   0   0
   2  39   0   0  27 134
   3  48   0   0 135  17
   4   0   0 398   2   0

[[3]][[21]]
    obs
real   1   3   4   5   6
   1   0   0 400   0   0
   2  40 142   0   0  18
   3  40  23   0   0 137
   4   0   0   0 397   3

[[3]][[22]]
    obs
real   3   4   5   6   7
   1   0 400   0   0   0
   2  41   0   0  18 141
   3  48   0   0 135  17
   4   0   0 398   2   0

[[3]][[23]]
    obs
real   1   4   5   6
   1   0 400   0   0
   2 179   0   0  21
   3  57   0   0 143
   4   0   0 399   1

[[3]][[24]]
    obs
real   1   3   4   5   6   7
   1   0   0 400   0   0   0
   2 136  42   0   0  22   0
   3  22  34   0   0 143   1
   4   0   0   0 398   1   1

[[3]][[25]]
    obs
real   1   3   4   5   6   7
   1   0   0 400   0   0   0
   2  42 141   0   0  17   0
   3  32  14   0   0 154   0
   4   0   0   0 399   0   1

[[3]][[26]]
    obs
real   1   3   4   5   6   8
   1   0   0 400   0   0   0
   2   1  42   0   0  22 135
   3   2  44   0   0 134  20
   4   0   0   0 398   2   0

[[3]][[27]]
    obs
real   1   4   5   6   9
   1   0 400   0   0   0
   2  41   0   0  19 140
   3  50   0   0 132  18
   4   0   0 398   2   0

[[3]][[28]]
    obs
real   3   4   5   6   8
   1   0 400   0   0   0
   2 135   0   0  25  40
   3  15   0   0 137  48
   4   0   0 397   3   0

[[3]][[29]]
    obs
real   1   3   4   5   6
   1   0   0 400   0   0
   2 131  41   0   0  28
   3  14  60   0   0 126
   4   0   0   0 397   3

[[3]][[30]]
    obs
real   1   4   5   6   8
   1   0 400   0   0   0
   2  45   0   0  23 132
   3  61   0   0 118  21
   4   0   0 399   1   0


[[4]]
[[4]][[1]]
    obs
real   1   2   3   4   5
   1   1 199   0 200   0
   2   3   0 197   0   0
   3   3   0 197   0   0
   4   4 196   0   0 200

[[4]][[2]]
    obs
real   1   2   4   5
   1 200   0 200   0
   2   1 199   0   0
   3   0 200   0   0
   4 201   0   0 199

[[4]][[3]]
    obs
real   2   3   4   5   6   7
   1   0 198 200   0   2   0
   2 198   0   0   0   1   1
   3 200   0   0   0   0   0
   4   0 198   0 202   0   0

[[4]][[4]]
    obs
real   1   3   4   5   6
   1   0   0 205   0 195
   2 195   5   0   0   0
   3 181  19   0   0   0
   4   0   0   0 224 176

[[4]][[5]]
    obs
real   1   2   3   4   5   6
   1   0 193   0 207   0   0
   2 177   0   3   0   0  20
   3 115   0   3   0   0  82
   4   0  92   0   0 308   0

[[4]][[6]]
    obs
real   1   2   4   5   8
   1   0   0 261   0 139
   2 158  42   0   0   0
   3  86 114   0   0   0
   4   0   0   0 353  47

[[4]][[7]]
    obs
real   1   2   3   4   5   6
   1   0   0  62 338   0   0
   2  56  74   0   0   0  70
   3  17 136   0   0   2  45
   4   0   0  11   0 389   0

[[4]][[8]]
    obs
real   1   2   3   4   5   6   8   9
   1   0   0   0 372   0   0  28   0
   2   7  69  25   0   0   3   0  96
   3   9 130   4   0   0   3   0  54
   4   0   0   0   0 399   0   1   0

[[4]][[9]]
    obs
real   1   4   5   9
   1   0 400   0   0
   2  78   0   0 122
   3 142   0   0  58
   4   0   0 400   0

[[4]][[10]]
    obs
real   1   4   5   9
   1   0 400   0   0
   2  73   0   0 127
   3 136   0   0  64
   4   0   0 400   0

[[4]][[11]]
    obs
real   1   2   4   5   9
   1   0   0 400   0   0
   2  74   0   0   0 126
   3 131   1   0   0  68
   4   0   0   0 400   0

[[4]][[12]]
    obs
real   1   3   4   5   9
   1   0   0 400   0   0
   2  69   7   0   0 124
   3 127   9   0   1  63
   4   0   0   0 400   0

[[4]][[13]]
    obs
real   1   3   4   5   9
   1   0   0 400   0   0
   2   3  86   0   0 111
   3   1 146   0   0  53
   4   0   0   0 400   0

[[4]][[14]]
    obs
real   3   4   5   9
   1   0 400   0   0
   2  70   0   0 130
   3 132   0   0  68
   4   0   0 400   0

[[4]][[15]]
    obs
real   1   3   4   5   9
   1   0   0 400   0   0
   2   3  67   0   0 130
   3   9 123   0   0  68
   4   0   0   0 400   0

[[4]][[16]]
    obs
real   1   2   3   4   5   6   9
   1   0   0   0 400   0   0   0
   2  70 108   1   0   0   0  21
   3 127  51   4   0   0   3  15
   4   0   0   0   0 400   0   0

[[4]][[17]]
    obs
real   1   4   5   6
   1   0 400   0   0
   2 106   0   0  94
   3  55   0   0 145
   4   0   0 400   0

[[4]][[18]]
    obs
real   1   2   4   5   6
   1   0   0 400   0   0
   2 130   2   0   0  68
   3  72   1   0   0 127
   4   0   0   0 400   0

[[4]][[19]]
    obs
real   1   2   4   5   6
   1   0   0 400   0   0
   2 135   1   0   0  64
   3  77   0   0   0 123
   4   0   0   0 400   0

[[4]][[20]]
    obs
real   1   3   4   5   6
   1   0   0 400   0   0
   2 142  15   0   0  43
   3  67  32   0   0 101
   4   0   0   0 400   0

[[4]][[21]]
    obs
real   1   2   3   4   5   6
   1   0   0   0 400   0   0
   2 136   3   0   0   0  61
   3  72   0   0   0   0 128
   4   0   0   3   0 397   0

[[4]][[22]]
    obs
real   1   2   4   5   6
   1   0   0 400   0   0
   2 165   1   0   0  34
   3 102   0   0   0  98
   4   0   0   0 400   0

[[4]][[23]]
    obs
real   1   4   5   8
   1   0 400   0   0
   2 165   0   0  35
   3 107   0   0  93
   4   0   0 400   0

[[4]][[24]]
    obs
real   1   4   5   6
   1   0 400   0   0
   2 161   0   0  39
   3  99   0   0 101
   4   0   0 400   0

[[4]][[25]]
    obs
real   1   4   5   6   8
   1   0 400   0   0   0
   2  62   0   0  99  39
   3  42   0   0  68  90
   4   0   0 400   0   0

[[4]][[26]]
    obs
real   4   5   6   9
   1 400   0   0   0
   2   0   0 173  27
   3   0   0 104  96
   4   0 400   0   0

[[4]][[27]]
    obs
real   1   4   5   6
   1   0 400   0   0
   2  19   0   0 181
   3  91   0   0 109
   4   0   0 400   0

[[4]][[28]]
    obs
real   4   5   6   8
   1 400   0   0   0
   2   0   0 194   6
   3   0   0 131  69
   4   0 400   0   0

[[4]][[29]]
    obs
real   1   4   5   6
   1   0 400   0   0
   2   7   0   0 193
   3  75   0   0 125
   4   0   0 399   1

[[4]][[30]]
    obs
real   4   5   6   8
   1 400   0   0   0
   2   0   0 189  11
   3   0   0 126  74
   4   0 400   0   0


[[5]]
[[5]][[1]]
    obs
real   2   3   4   5   6
   1 199   0 201   0   0
   2   0 199   0   0   1
   3   0 200   0   0   0
   4 200   0   0 199   1

[[5]][[2]]
    obs
real   1   2   4   5   7
   1 200   0 200   0   0
   2   0   1   0   0 199
   3   0   0   0   0 200
   4 199   0   0 201   0

[[5]][[3]]
    obs
real   1   3   4   5
   1   0 200 200   0
   2 200   0   0   0
   3 200   0   0   0
   4   0 195   0 205

[[5]][[4]]
    obs
real   1   3   4   5   6
   1   0   0 203   0 197
   2 184  16   0   0   0
   3 162  38   0   0   0
   4   0   0   0 254 146

[[5]][[5]]
    obs
real   1   4   5   6   7
   1   0 248   0   0 152
   2 134   0   0  66   0
   3  83   0   1 116   0
   4   0   0 335   0  65

[[5]][[6]]
    obs
real   3   4   5   6   7
   1  83 317   0   0   0
   2   0   0   0 128  72
   3   0   0   0 175  25
   4  14   0 385   1   0

[[5]][[7]]
    obs
real   1   3   4   5   6
   1  33   0 367   0   0
   2   0  29   0   0 171
   3   0   7   0   0 193
   4   3   0   0 397   0

[[5]][[8]]
    obs
real   1   4   5   6
   1   0 400   0   0
   2  17   0   0 183
   3   2   0   0 198
   4   0   0 400   0

[[5]][[9]]
    obs
real   3   4   5   6
   1   0 400   0   0
   2  18   0   0 182
   3   4   0   0 196
   4   0   0 400   0

[[5]][[10]]
    obs
real   1   4   5   6
   1   0 400   0   0
   2  27   0   0 173
   3   2   0   0 198
   4   0   0 400   0

[[5]][[11]]
    obs
real   1   3   4   5   6
   1   0   0 400   0   0
   2  20   1   0   0 179
   3   0   0   0   0 200
   4   0   0   0 400   0

[[5]][[12]]
    obs
real   4   5   6   7
   1 400   0   0   0
   2   0   0 179  21
   3   0   0 198   2
   4   0 400   0   0

[[5]][[13]]
    obs
real   1   4   5   6
   1   0 400   0   0
   2  20   0   0 180
   3   4   0   0 196
   4   0   0 400   0

[[5]][[14]]
    obs
real   4   5   6   7
   1 400   0   0   0
   2   0   0 163  37
   3   0   0 197   3
   4   0 400   0   0

[[5]][[15]]
    obs
real   1   4   5   6   7
   1   0 400   0   0   0
   2  35   0   0  90  75
   3   2   0   0 110  88
   4   0   0 400   0   0

[[5]][[16]]
    obs
real   4   5   7   8
   1 400   0   0   0
   2   0   0 170  30
   3   0   0 199   1
   4   0 400   0   0

[[5]][[17]]
    obs
real   1   4   5   7
   1   0 400   0   0
   2  29   0   0 171
   3   4   0   0 196
   4   0   0 400   0

[[5]][[18]]
    obs
real   4   5   6   7
   1 400   0   0   0
   2   0   0  33 167
   3   0   0   3 197
   4   0 400   0   0

[[5]][[19]]
    obs
real   1   4   5   7
   1   0 400   0   0
   2  25   0   0 175
   3   2   0   0 198
   4   0   0 400   0

[[5]][[20]]
    obs
real   4   5   6   7
   1 400   0   0   0
   2   0   0  14 186
   3   0   0   3 197
   4   0 400   0   0

[[5]][[21]]
    obs
real   1   4   5   7
   1   0 400   0   0
   2  11   0   0 189
   3   0   0   0 200
   4   0   0 400   0

[[5]][[22]]
    obs
real   4   5   6   7
   1 400   0   0   0
   2   0   0  13 187
   3   0   0   3 197
   4   0 400   0   0

[[5]][[23]]
    obs
real   1   4   5   7
   1   0 400   0   0
   2  21   0   0 179
   3   6   0   0 194
   4   0   0 400   0

[[5]][[24]]
    obs
real   4   5   6   7
   1 400   0   0   0
   2   1   0  26 173
   3   0   0   3 197
   4   0 400   0   0

[[5]][[25]]
    obs
real   1   4   5   7
   1   0 400   0   0
   2  29   0   0 171
   3   3   0   0 197
   4   0   0 400   0

[[5]][[26]]
    obs
real   4   5   6   7
   1 400   0   0   0
   2   0   0  36 164
   3   0   0   4 196
   4   0 400   0   0

[[5]][[27]]
    obs
real   1   4   5   6   7
   1   0 400   0   0   0
   2  32   0   0  90  78
   3   4   0   0 110  86
   4   0   0 400   0   0

[[5]][[28]]
    obs
real   4   5   7   8
   1 400   0   0   0
   2   0   0 161  39
   3   0   0 196   4
   4   0 400   0   0

[[5]][[29]]
    obs
real   1   4   5   7
   1   0 400   0   0
   2  34   0   0 166
   3   1   0   0 199
   4   0   0 400   0

[[5]][[30]]
    obs
real   4   5   6   7
   1 400   0   0   0
   2   0   0  26 174
   3   0   0   2 198
   4   0 400   0   0


[[6]]
[[6]][[1]]
    obs
real   1   2   3   4   5
   1   0 200   0 200   0
   2   1   0 199   0   0
   3   3   0 197   0   0
   4   0 199   0   0 201

[[6]][[2]]
    obs
real   2   4   5   6
   1 199 201   0   0
   2   1   0   0 199
   3   0   0   0 200
   4 200   0 200   0

[[6]][[3]]
    obs
real   1   2   4   5
   1 200   0 200   0
   2   0 200   0   0
   3   0 200   0   0
   4 200   0   0 200

[[6]][[4]]
    obs
real   1   2   3   4   5
   1 199   0   0 201   0
   2   0   1 199   0   0
   3   0   0 200   0   0
   4 200   0   0   0 200

[[6]][[5]]
    obs
real   1   2   3   4   5   6
   1 179   0   0 221   0   0
   2   0   0  21   0   0 179
   3   0   1   0   0   0 199
   4 199   0   0   0 201   0

[[6]][[6]]
    obs
real   1   4   5   6   7
   1   0 311   0   0  89
   2  89   0   0 111   0
   3 200   0   0   0   0
   4   0   0 210   0 190

[[6]][[7]]
    obs
real   1   2   3   4   5
   1   0  22   0 378   0
   2  22   0 178   0   0
   3 200   0   0   0   0
   4   0 140   0   0 260

[[6]][[8]]
    obs
real   1   2   4   5
   1   0   0 400   0
   2   0 200   0   0
   3 200   0   0   0
   4   0   0   0 400

[[6]][[9]]
    obs
real   1   3   4   5
   1   0   0 400   0
   2   0 200   0   0
   3 200   0   0   0
   4   0   0   0 400

[[6]][[10]]
    obs
real   1   2   4   5
   1   0   0 400   0
   2   0 200   0   0
   3 200   0   0   0
   4   0   0   0 400

[[6]][[11]]
    obs
real   1   3   4   5
   1   0   0 400   0
   2   0 200   0   0
   3 200   0   0   0
   4   0   0   0 400

[[6]][[12]]
    obs
real   1   2   4   5
   1   0   0 400   0
   2   0 200   0   0
   3 200   0   0   0
   4   0   0   0 400

[[6]][[13]]
    obs
real   1   3   4   5
   1   0   0 400   0
   2   0 200   0   0
   3 200   0   0   0
   4   0   0   0 400

[[6]][[14]]
    obs
real   1   2   4   5
   1   0   0 400   0
   2   0 200   0   0
   3 200   0   0   0
   4   0   0   0 400

[[6]][[15]]
    obs
real   1   3   4   5
   1   0   0 400   0
   2   0 200   0   0
   3 200   0   0   0
   4   0   0   0 400

[[6]][[16]]
    obs
real   1   2   4   5   6
   1   0   0 400   0   0
   2   0 200   0   0   0
   3 195   0   0   0   5
   4   0   0   0 400   0

[[6]][[17]]
    obs
real   1   4   5   6
   1   0 400   0   0
   2   0   0   0 200
   3 200   0   0   0
   4   1   0 399   0

[[6]][[18]]
    obs
real   1   2   4   5
   1   0   0 400   0
   2   0 200   0   0
   3 200   0   0   0
   4   0   0   0 400

[[6]][[19]]
    obs
real   1   3   4   5
   1   0   0 400   0
   2   0 200   0   0
   3 200   0   0   0
   4   0   0   0 400

[[6]][[20]]
    obs
real   1   2   4   5
   1   0   0 400   0
   2   0 200   0   0
   3 200   0   0   0
   4   0   0   0 400

[[6]][[21]]
    obs
real   1   3   4   5
   1   0   0 400   0
   2   0 200   0   0
   3 200   0   0   0
   4   0   0   0 400

[[6]][[22]]
    obs
real   1   2   4   5
   1   0   0 400   0
   2   0 200   0   0
   3 200   0   0   0
   4   0   0   0 400

[[6]][[23]]
    obs
real   3   4   5   6
   1   0 400   0   0
   2   0   0   0 200
   3 200   0   0   0
   4   0   0 400   0

[[6]][[24]]
    obs
real   1   3   4   5
   1   0   0 400   0
   2 200   0   0   0
   3   0 198   0   2
   4   0   0   0 400

[[6]][[25]]
    obs
real   2   3   4   5
   1   0   0 400   0
   2 200   0   0   0
   3   0 200   0   0
   4   0   0   0 400

[[6]][[26]]
    obs
real   1   3   4   5
   1   0   0 400   0
   2 200   0   0   0
   3   0 199   0   1
   4   0   0   0 400

[[6]][[27]]
    obs
real   2   3   4   5
   1   0   0 400   0
   2 200   0   0   0
   3   0 200   0   0
   4   0   0   0 400

[[6]][[28]]
    obs
real   1   3   4   5
   1   0   0 400   0
   2 200   0   0   0
   3   0 200   0   0
   4   0   0   0 400

[[6]][[29]]
    obs
real   2   3   4   5
   1   0   0 400   0
   2 200   0   0   0
   3   0 200   0   0
   4   0   0   0 400

[[6]][[30]]
    obs
real   1   3   4   5
   1   0   0 400   0
   2 200   0   0   0
   3   0 200   0   0
   4   0   0   0 400
