  Start = Start of vowel nucleus
    End = End of vowel nucleus
Center1 = Steady-state time from judge 1
Center2 = Steady-state time from judge 2

File   Start    End   Center1  Center2
m01ae  177.3   500.4   304.0    297.0
m02ae  132.0   382.0   198.0    240.0
m03ae  118.0   462.0   162.0    181.0
m04ae   96.0   408.0   130.0    169.0
m06ae   71.0   325.0   113.0    134.0
m07ae   70.0   324.0   140.0    138.0
m08ae   95.0   384.0   128.0    141.0
m09ae  107.0   446.0   166.0    206.0
m10ae   90.0   372.0   132.0    155.0
m11ae  123.0   442.0   180.0    173.0
m13ae   90.0   369.0   179.0    160.0
m14ae   65.0   337.0   144.0    137.0
m16ae   70.0   282.0   120.0    159.0
m17ae  101.0   358.0   164.0    168.0
m18ae   83.0   347.0   134.0    128.0
m19ae  133.0   377.0   192.0    163.0
m20ae   92.0   378.0   152.0    168.0
m21ae  102.0   354.0   170.0    176.0
m22ae  173.0   422.0   222.0    240.0
m23ae  135.0   409.0   193.0    216.0
m24ae   83.0   353.0   110.0    117.0
m25ae  101.0   402.0   214.0    222.0
m26ae   70.0   329.0   152.0    139.0
m27ae  101.0   358.0   162.0    163.0
m28ae  122.0   334.0   147.0    177.0
m29ae   96.0   337.0   175.0    184.0
m30ae  105.0   407.0   181.0    158.0
m31ae  121.0   329.0   135.0    157.0
m32ae   71.0   279.0   102.0     98.0
m33ae   70.0   398.0   149.0    109.0
m34ae   93.0   360.0   141.0    120.0
m35ae   96.0   422.0   168.0    137.0
m36ae  102.0   372.0   138.0    163.0
m37ae   73.0   280.0   121.0     94.0
m38ae   72.0   285.0    95.0    105.0
m39ae   76.0   387.0   106.0    130.0
m40ae   80.0   353.0   129.0    164.0
m41ae   78.0   308.0   128.0    144.0
m42ae  189.0   523.0   243.0    268.0
m44ae  166.0   442.0   199.0    216.0
m45ae  105.0   388.0   192.0    186.0
m47ae   84.0   376.0   125.0    137.0
m48ae   75.0   320.0    92.0    131.0
m49ae  106.0   372.0   166.0    160.0
m50ae  111.0   400.0   137.0    160.0
w01ae   75.0   380.0   128.0    176.0
w02ae  114.0   600.0   170.0    176.0
w03ae   93.0   386.0   121.0    136.0
w04ae   75.0   428.0   102.0    122.0
w05ae  143.0   481.0   192.0    200.0
w06ae   94.0   456.0   136.0    168.0
w07ae  161.0   474.0   248.0    256.0
w08ae   80.0   364.0   120.0    128.0
w09ae   85.0   338.0   170.0    162.0
w10ae   61.0   417.0   114.0    144.0
w11ae   71.0   456.0   216.0    240.0
w12ae  101.0   456.0   128.0    160.0
w13ae   82.0   397.0   127.0    139.0
w14ae   76.0   348.0   144.0    160.0
w15ae  116.0   516.0   216.0    224.0
w16ae  164.0   520.0   192.0    208.0
w17ae  116.0   439.0   248.0    222.0
w19ae  149.0   512.0   248.0    264.0
w20ae  199.0   506.0   272.0    288.0
w21ae  145.0   527.0   220.0    201.0
w22ae  101.0   439.0   145.0    160.0
w23ae  149.0   514.0   176.0    228.0
w24ae   85.0   416.0   176.0    192.0
w25ae  164.0   625.0   240.0    256.0
w26ae  170.0   516.0   364.0    304.0
w27ae  110.0   382.0   160.0    151.0
w28ae   80.0   340.0   124.0    123.0
w29ae  114.0   447.0   190.0    208.0
w30ae   98.0   408.0   145.0    155.0
w31ae   99.0   463.0   128.0    144.0
w32ae   72.0   311.0   104.0    112.0
w33ae  102.0   363.0   129.0    141.0
w34ae  125.0   402.0   140.0    147.0
w35ae  126.0   454.0   151.0    161.0
w36ae  141.0   554.0   218.0    218.0
w37ae  143.0   548.0   260.0    274.0
w38ae  103.0   397.0   152.0    162.0
w39ae  166.0   531.0   222.0    243.0
w40ae  142.0   443.0   176.0    185.0
w41ae  109.0   410.0   128.0    152.0
w42ae  112.0   424.0   128.0    173.0
w44ae  122.0   475.0   164.0    174.0
w45ae  127.0   460.0   161.0    187.0
w46ae  120.0   485.0   144.0    164.0
w47ae  113.0   440.0   192.0    208.0
w48ae   64.0   374.0    94.0    107.0
w49ae   84.0   403.0   136.0    160.0
w50ae   91.0   448.0   167.0    176.0
b01ae   72.0   329.0   116.0    115.0
b02ae  110.0   469.0   280.0    243.0
b03ae  106.0   441.0   136.0    146.0
b04ae  141.0   539.0   224.0    249.0
b05ae   94.0   361.0   132.0    157.0
b07ae  115.0   438.0   143.0    168.0
b08ae  161.0   477.0   280.0    296.0
b09ae  135.0   380.0   184.0    189.0
b10ae  158.0   554.0   272.0    304.0
b11ae  103.0   401.0   139.0    162.0
b12ae  116.0   531.0   220.0    239.0
b13ae  112.0   393.0   144.0    151.0
b14ae  114.0   428.0   210.0    191.0
b15ae  116.0   498.0   153.0    178.0
b16ae   86.0   453.0   151.0    168.0
b17ae  106.0   458.0   145.0    192.0
b18ae   94.0   401.0   136.0    154.0
b19ae   74.0   386.0   112.0    128.0
b21ae  106.0   458.0   151.0    176.0
b22ae  150.0   406.0   216.0    240.0
b23ae  154.0   500.0   188.0    192.0
b24ae  120.0   336.0   172.0    160.0
b25ae  191.0   475.0   222.0    224.6
b26ae  103.0   554.0   167.0    149.8
b27ae   89.0   332.0   104.0    105.6
b28ae  131.0   415.0   167.0    160.3
b29ae  127.0   418.0   200.0    169.0
g01ae  114.0   409.0   157.0    176.0
g02ae  145.0   428.0   202.0    205.0
g04ae  180.0   565.0   302.0    291.0
g05ae  108.0   564.0   239.0    266.0
g06ae  120.0   412.0   203.0    198.0
g07ae  144.0   485.0   193.0    245.0
g08ae  218.0   602.0   288.0    304.0
g09ae  125.0   507.0   280.0    281.0
g10ae  137.0   448.0   195.0    194.0
g11ae  132.0   485.0   195.0    226.0
g12ae   88.0   410.0   160.0    176.0
g13ae  172.0   473.0   243.0    272.0
g14ae  150.0   456.0   207.0    219.0
g15ae  144.0   498.0   204.0    251.0
g17ae   83.0   391.0   128.0    144.0
g18ae  149.0   466.0   198.0    182.4
g19ae  111.0   349.0   145.0    135.4
g20ae   88.0   378.0   122.9    136.3
g21ae  194.0   444.0   230.4    216.0
m01ah  204.0   520.2   254.0    268.0
m02ah  136.0   385.0   172.0    218.0
m03ah  100.0   473.0   220.0    185.0
m04ah   98.0   400.0   214.0    168.0
m06ah   82.0   312.0   145.0    187.0
m07ah   86.0   351.0   129.0    128.0
m08ah  107.0   409.0   159.0    162.0
m09ah  132.0   462.0   216.0    231.0
m10ah   97.0   368.0   152.0    161.0
m11ah  110.0   431.0   229.0    190.0
m13ah   73.0   329.0   182.0    152.0
m14ah  109.0   387.0   165.0    204.0
m16ah   84.0   276.0   118.0    126.0
m17ah  197.0   440.0   288.0    277.0
m18ah  117.0   459.0   154.0    179.0
m19ah  141.0   410.0   267.0    236.0
m20ah   82.0   354.0   144.0    168.0
m21ah  143.0   349.0   176.0    174.0
m22ah  167.0   454.0   273.0    240.0
m23ah  112.0   390.0   175.0    198.0
m24ah  108.0   366.0   151.0    172.0
m25ah   92.0   348.0   216.0    188.0
m26ah   53.0   324.0   137.0    185.0
m27ah   94.0   306.0   124.0    137.0
m28ah  154.0   308.0   178.0    186.0
m29ah  113.0   333.0   182.0    203.0
m30ah   92.0   382.0   163.0    174.0
m31ah  143.0   327.0   158.0    160.0
m32ah   86.0   302.0   110.0    110.0
m33ah   73.0   345.0   158.0    158.0
m34ah  114.0   364.0   179.0    164.0
m35ah   93.0   362.0   145.0    152.0
m36ah   96.0   348.0   138.0    163.0
m37ah   60.0   279.0    93.0     91.0
m38ah   82.0   274.0   130.0    146.0
m39ah   85.0   372.0   204.0    232.0
m40ah  109.0   363.0   169.0    163.0
m41ah   78.0   291.0   128.0    144.0
m42ah  114.0   406.0   177.0    179.0
m44ah  113.0   399.0   215.0    167.0
m45ah   92.0   377.0    99.0    142.0
m47ah  115.0   416.0   141.0    164.0
m48ah   92.0   299.0   128.0    177.0
m49ah   62.0   332.0   103.0    117.0
m50ah   95.0   345.0   136.0    122.0
w01ah   97.0   362.0   120.0    129.0
w02ah  132.0   575.0   268.0    279.0
w03ah   88.0   345.0   131.0    138.0
w04ah  110.0   460.0   251.0    249.0
w05ah  126.0   491.0   178.0    189.0
w06ah   95.0   424.0   195.0    187.0
w07ah  120.0   426.0   264.0    242.0
w08ah   98.0   415.0   191.0    220.0
w09ah   67.0   349.0   123.0    110.0
w10ah  103.0   470.0   225.0    195.0
w11ah  120.0   500.0   264.0    261.0
w12ah  169.0   512.0   324.0    202.0
w13ah  124.0   453.0   199.0    237.0
w14ah  120.0   395.0   170.0    180.0
w15ah  156.0   496.0   276.0    314.0
w16ah  147.0   452.0   272.0    229.0
w17ah  103.0   370.0   155.0    168.0
w19ah  129.0   445.0   285.0    267.0
w20ah  138.0   503.0   230.0    265.0
w21ah  114.0   516.0   288.0    312.0
w22ah  189.0   539.0   333.0    343.0
w23ah  128.0   457.0   232.0    248.0
w24ah  127.0   430.0   220.0    206.0
w25ah  151.0   581.0   276.0    249.0
w26ah  133.0   466.0   272.0    288.0
w27ah   96.0   380.0   144.0    160.0
w28ah   75.0   292.0   123.0    142.0
w29ah  102.0   405.0   120.0    136.0
w30ah  120.0   413.0   150.0    184.0
w31ah  108.0   423.0   240.0    246.0
w32ah  179.0   419.0   248.0    264.0
w33ah  122.0   405.0   164.0    201.0
w34ah  116.0   363.0   178.0    217.0
w35ah  156.0   466.0   233.0    260.0
w36ah  149.0   604.0   185.0    228.0
w37ah  189.0   608.0   348.0    335.0
w38ah  109.0   445.0   200.0    216.0
w39ah  204.0   542.0   312.0    287.0
w40ah  144.0   441.0   206.0    257.0
w41ah  145.0   443.0   245.0    176.0
w42ah  125.0   393.0   225.0    247.0
w44ah  120.0   460.0   174.0    178.0
w45ah  101.0   413.0   199.0    203.0
w46ah  100.0   434.0   115.0    144.0
w47ah  149.0   451.0   299.0    300.0
w48ah  133.0   479.0   306.0    226.0
w49ah  151.0   477.0   201.0    252.0
w50ah  112.0   469.0   193.0    162.0
b01ah   88.0   300.0   143.0    144.0
b02ah  151.0   479.0   243.0    310.0
b03ah  132.0   430.0   211.0    206.0
b04ah  137.0   494.0   228.0    232.0
b05ah   63.0   333.0    90.0     88.0
b07ah  101.0   395.0   263.0    248.0
b08ah  176.0   516.0   232.0    244.0
b09ah  148.0   433.0   187.0    195.0
b10ah  181.0   594.0   294.0    260.0
b11ah  116.0   398.0   163.0    186.0
b12ah  108.0   533.0   268.0    212.0
b13ah  135.0   408.0   201.0    214.0
b14ah  104.0   367.0   181.0    175.0
b15ah   97.0   437.0   360.0    302.0
b16ah  117.0   481.0   242.0    225.0
b17ah   72.0   399.0   116.0    175.0
b18ah  116.0   397.0   203.0    204.0
b19ah  100.0   392.0   182.0    188.0
b21ah  147.0   510.0   243.0    268.0
b22ah   99.0   449.0   135.0    147.8
b23ah  133.0   425.0   186.0    182.4
b24ah  119.0   357.0   164.0    144.0
b25ah  155.0   450.0   224.0    217.0
b26ah   83.0   397.0   191.0    144.0
b27ah  102.0   372.0   142.0    121.0
b28ah  135.0   406.0   220.0    175.7
b29ah  131.0   416.0   179.0    164.2
g01ah  114.0   390.0   174.0    200.0
g02ah  106.0   404.0   153.0    164.0
g04ah  197.0   521.0   377.0    335.0
g05ah  129.0   504.0   312.0    294.0
g06ah  142.0   417.0   223.0    206.0
g07ah  158.0   542.0   264.0    280.0
g08ah  181.0   588.0   273.0    306.0
g09ah  110.0   431.0   153.0    162.0
g10ah  109.0   391.0   168.0    176.0
g11ah  107.0   405.0   163.0    194.0
g12ah  127.0   444.0   271.0    286.0
g13ah  160.0   494.0   331.0    289.0
g14ah   98.0   406.0   222.0    204.0
g15ah  108.0   407.0   192.0    205.0
g17ah  108.0   412.0   192.0    176.8
g18ah  128.0   544.0   163.0    169.0
g19ah  114.0   334.0   145.0    145.9
g20ah  117.0   376.0   229.4    176.0
g21ah  108.0   294.0   149.8    184.3
m01aw  210.1   540.4   291.0    289.0
m02aw   99.0   388.0   166.0    184.0
m03aw  153.0   508.0   198.0    232.0
m04aw  124.0   471.0   206.0    227.0
m06aw   73.0   323.0   169.0    150.0
m07aw  109.0   401.0   163.0    172.0
m08aw   81.0   375.0   109.0    108.0
m09aw  166.0   508.0   241.0    220.0
m10aw  176.0   472.0   288.0    328.0
m11aw  143.0   506.0   239.0    231.0
m13aw  107.0   390.0   220.0    240.0
m14aw   88.0   336.0   162.0    143.0
m16aw   68.0   291.0   124.0    120.0
m17aw  116.0   394.0   179.0    181.0
m18aw  129.0   449.0   225.0    222.0
m19aw  114.0   388.0   142.0    158.0
m20aw   75.0   362.0   125.0    137.0
m21aw   98.0   351.0   161.0    170.0
m22aw  136.0   452.0   173.0    230.0
m23aw  134.0   426.0   253.0    251.0
m24aw  134.0   382.0   186.0    180.0
m25aw  120.0   369.0   169.0    202.0
m26aw  107.0   389.0   187.0    193.0
m27aw   96.0   267.0   168.0    156.0
m28aw  117.0   339.0   135.0    154.0
m29aw  103.0   329.0   161.0    179.0
m30aw  107.0   451.0   160.0    180.0
m31aw  126.0   322.0   168.0    171.0
m32aw   95.0   290.0   176.0    107.0
m33aw   89.0   357.0   136.0    135.0
m34aw  120.0   359.0   159.0    221.0
m35aw   99.0   403.0   137.0    210.0
m36aw  103.0   403.0   165.0    149.0
m37aw   72.0   274.0   105.0    111.0
m38aw   91.0   320.0   153.0    156.0
m39aw  114.0   310.0   149.0    168.0
m40aw   82.0   363.0   144.0    112.0
m41aw   82.0   331.0   170.0    181.0
m42aw  178.0   506.0   279.0    239.0
m44aw   74.0   375.0   103.0    167.0
m45aw  120.0   413.0   223.0    287.0
m47aw  102.0   402.0   169.0    178.0
m48aw   90.0   332.0   119.0    175.0
m49aw   92.0   385.0   201.0    240.0
m50aw   83.0   360.0   138.0    173.0
w01aw   91.0   396.0   152.0    132.0
w02aw  132.0   596.0   240.0    235.0
w03aw  101.0   427.0   200.0    203.0
w04aw  126.0   505.0   336.0    284.0
w05aw  120.0   483.0   233.0    214.0
w06aw   85.0   448.0   259.0    254.0
w07aw  117.0   431.0   224.0    240.0
w08aw  110.0   430.0   240.0    202.0
w09aw  106.0   415.0   247.0    235.0
w10aw   64.0   480.0   176.0    208.0
w11aw   83.0   463.0   197.0    141.0
w12aw  128.0   525.0   224.0    272.0
w13aw  133.0   496.0   160.0    200.0
w14aw  114.0   380.0   130.0    137.0
w15aw  185.0   579.0   235.0    226.0
w16aw  149.0   491.0   304.0    331.0
w17aw  124.0   465.0   308.0    294.0
w19aw  118.0   445.0   168.0    226.0
w20aw  149.0   493.0   319.0    283.0
w21aw  141.0   606.0   243.0    243.0
w22aw  128.0   446.0   252.0    268.0
w23aw  120.0   482.0   233.0    195.0
w24aw  126.0   492.0   316.0    329.0
w25aw  147.0   561.0   352.0    325.0
w26aw  149.0   527.0   285.0    304.0
w27aw  130.0   414.0   209.0    203.0
w28aw   67.0   329.0   156.0    143.0
w29aw  131.0   458.0   184.0    208.0
w30aw   98.0   417.0   129.0    146.0
w31aw  141.0   525.0   315.0    264.0
w32aw  121.0   408.0   195.0    210.0
w33aw  137.0   465.0   171.0    199.0
w34aw  144.0   397.0   168.0    184.0
w35aw  204.0   535.0   300.0    310.0
w36aw  193.0   615.0   331.0    383.0
w37aw  120.0   533.0   223.0    236.0
w38aw  137.0   464.0   189.0    208.0
w39aw  181.0   550.0   377.0    354.0
w40aw  166.0   469.0   185.0    203.0
w41aw  141.0   473.0   233.0    254.0
w42aw  126.0   513.0   171.0    192.0
w44aw  122.0   512.0   220.0    191.0
w45aw  115.0   466.0   248.0    192.0
w46aw   87.0   483.0   128.0    160.0
w47aw  125.0   435.0   247.0    263.0
w48aw   77.0   432.0   172.0    143.0
w49aw  130.0   448.0   174.0    182.0
w50aw   89.0   450.0   138.0    166.0
b01aw   81.0   323.0   130.0    152.0
b02aw  254.0   581.0   375.0    306.0
b03aw   77.0   411.0   216.0    212.0
b04aw  184.0   488.0   266.0    294.0
b05aw   70.0   306.0    96.0    117.0
b07aw  151.0   529.0   214.0    245.0
b08aw  268.0   621.0   372.0    393.0
b09aw  137.0   450.0   210.0    244.0
b10aw  145.0   461.0   249.0    220.0
b11aw  122.0   453.0   218.0    170.0
b12aw  108.0   477.0   175.0    151.0
b13aw  117.0   439.0   209.0    207.0
b14aw  115.0   358.0   202.0    166.0
b15aw   76.0   388.0   128.0    117.0
b16aw  160.0   527.0   254.0    247.0
b17aw   72.0   387.0   195.0    165.0
b18aw  105.0   374.0   223.0    211.0
b19aw   80.0   374.0   128.0    144.0
b21aw  106.0   482.0   256.0    241.0
b22aw  133.0   517.0   208.0    188.2
b23aw  168.0   481.0   229.0    203.5
b24aw  114.0   310.0   176.0    145.9
b25aw  115.0   455.0   179.0    146.9
b26aw   87.0   449.0   160.0    133.4
b27aw  103.0   353.0   127.0    126.7
b28aw   93.0   360.0   144.0    122.9
b29aw   92.0   397.0   157.0    135.4
g01aw  126.0   475.0   176.0    184.0
g02aw  111.0   360.0   152.0    176.0
g04aw  128.0   558.0   299.0    287.0
g05aw  174.0   542.0   235.0    254.0
g06aw  150.0   450.0   247.0    250.0
g07aw  127.0   469.0   305.0    326.0
g08aw  187.0   564.0   322.0    360.0
g09aw   72.0   497.0   160.0    168.0
g10aw   99.0   384.0   170.0    170.0
g11aw  153.0   533.0   260.0    293.0
g12aw   95.0   418.0   266.0    249.0
g13aw  133.0   472.0   269.0    257.0
g14aw  100.0   432.0   210.0    290.0
g15aw   83.0   443.0   197.0    232.0
g17aw  141.0   432.0   177.0    172.8
g18aw  153.0   594.0   230.0    211.2
g19aw  100.0   318.0   136.0    122.9
g20aw  120.0   394.0   178.6    141.1
g21aw  116.0   375.0   165.1    154.6
m01eh  172.8   438.3   226.0    257.0
m02eh  144.0   311.0   164.0    176.0
m03eh  154.0   438.0   279.0    256.0
m04eh   78.0   307.0   151.0    209.0
m06eh   63.0   240.0   119.0    122.0
m07eh   88.0   285.0   128.0    192.0
m08eh   97.0   336.0   122.0    144.0
m09eh  127.0   366.0   212.0    210.0
m10eh  117.0   303.0   150.0    152.0
m11eh  131.0   392.0   237.0    270.0
m13eh   82.0   285.0   144.0    124.0
m14eh   80.0   311.0   128.0    139.0
m16eh   58.0   214.0    85.0     84.0
m17eh   84.0   265.0   190.0    189.0
m18eh  142.0   312.0   170.0    188.0
m19eh   98.0   283.0   110.0    136.0
m20eh   58.0   257.0   135.0    157.0
m21eh   65.0   203.0   118.0    112.0
m22eh  139.0   323.0   166.0    212.0
m23eh   97.0   324.0   144.0    161.0
m24eh  169.0   322.0   213.0    232.0
m25eh   77.0   267.0   124.0    121.0
m26eh  124.0   331.0   144.0    152.0
m27eh   92.0   307.0   131.0    133.0
m28eh  111.0   236.0   156.0    144.0
m29eh  116.0   293.0   175.0    192.0
m30eh   78.0   275.0   127.0    134.0
m31eh   94.0   240.0   137.0    149.0
m32eh   66.0   232.0    96.0     96.0
m33eh   73.0   278.0   128.0    138.0
m34eh   93.0   278.0   120.0    166.0
m35eh   93.0   337.0   149.0    161.0
m36eh   74.0   291.0   108.0    112.0
m37eh   61.0   200.0    86.0     83.0
m38eh   81.0   239.0   119.0     99.0
m39eh   86.0   287.0   183.0    179.0
m40eh   72.0   276.0   166.0    158.0
m41eh   81.0   269.0   158.0    155.0
m42eh  107.0   314.0   211.0    144.0
m44eh   75.0   275.0   104.0    128.0
m45eh  100.0   300.0   112.0    118.0
m47eh   88.0   297.0   168.0    186.0
m48eh   76.0   274.0   181.0    189.0
m49eh   78.0   250.0   127.0    144.0
m50eh   62.0   240.0    87.0    108.0
w01eh   96.0   313.0   121.0    132.0
w02eh  158.0   590.0   312.0    328.0
w03eh   62.0   264.0   126.0    162.0
w04eh   96.0   411.0   307.0    264.0
w05eh  102.0   362.0   277.0    223.0
w06eh   88.0   368.0   166.0    174.0
w07eh  200.0   438.0   288.0    304.0
w08eh   93.0   292.0   177.0    210.0
w09eh   61.0   294.0   103.0    101.0
w10eh   72.0   343.0   112.0    128.0
w11eh   82.0   399.0   216.0    181.0
w12eh  116.0   350.0   219.0    212.0
w13eh  109.0   340.0   237.0    265.0
w14eh   99.0   340.0   127.0    162.0
w15eh  170.0   387.0   302.0    297.0
w16eh  149.0   402.0   297.0    254.0
w17eh  128.0   316.0   219.0    197.0
w19eh  158.0   475.0   341.0    289.0
w20eh  188.0   451.0   287.0    283.0
w21eh  128.0   409.0   202.0    188.0
w22eh  153.0   392.0   184.0    192.0
w23eh  121.0   415.0   232.0    256.0
w24eh  126.0   357.0   192.0    208.0
w25eh  139.0   525.0   316.0    289.0
w26eh  198.0   381.0   272.0    288.0
w27eh  107.0   343.0   232.0    203.0
w28eh   87.0   264.0   120.0    144.0
w29eh   62.0   255.0    80.0     92.0
w30eh  108.0   329.0   124.0    167.0
w31eh  191.0   439.0   232.0    264.0
w32eh  124.0   315.0   200.0    196.0
w33eh  106.0   300.0   176.0    192.0
w34eh  173.0   352.0   231.0    243.0
w35eh  136.0   359.0   254.0    262.0
w36eh  180.0   548.0   212.0    237.0
w37eh  226.0   569.0   435.0    433.0
w38eh   96.0   364.0   278.0    257.0
w39eh  195.0   454.0   226.0    251.0
w40eh  146.0   383.0   259.0    284.0
w41eh  118.0   321.0   160.0    162.0
w42eh  103.0   353.0   234.0    255.0
w44eh  118.0   373.0   218.0    226.0
w45eh  108.0   355.0   232.0    240.0
w46eh  101.0   385.0   187.0    186.0
w47eh   74.0   318.0   192.0    190.0
w48eh  110.0   354.0   219.0    223.0
w49eh  131.0   352.0   152.0    168.0
w50eh   84.0   354.0   265.0    251.0
b01eh   89.0   273.0   167.0    170.0
b02eh  147.0   342.0   190.0    193.0
b03eh  166.0   426.0   280.0    256.0
b04eh  180.0   544.0   279.0    264.0
b05eh   68.0   275.0   126.0    123.0
b07eh  120.0   392.0   208.0    240.0
b08eh  198.0   333.0   276.0    254.0
b09eh  130.0   323.0   192.0    215.0
b10eh  144.0   378.0   255.0    234.0
b11eh   89.0   371.0   168.0    170.0
b12eh  114.0   477.0   241.0    174.0
b13eh   78.0   336.0   112.0    134.0
b14eh  113.0   281.0   152.0    168.0
b15eh   92.0   404.0   246.0    204.0
b16eh  136.0   427.0   240.0    288.0
b17eh   89.0   278.0   119.0    110.0
b18eh  111.0   306.0   166.0    180.0
b19eh   91.0   318.0   120.0    135.0
b21eh  141.0   415.0   216.0    261.0
b22eh  120.0   332.0   148.0    149.8
b23eh  162.0   400.0   204.0    189.1
b24eh   99.0   264.0   136.0    131.5
b25eh  113.0   328.0   144.0    156.5
b26eh  155.0   486.0   243.0    183.4
b27eh   93.0   285.0   136.0    129.6
b28eh  133.0   343.0   169.0    157.4
b29eh  155.0   367.0   213.0    190.1
g01eh  119.0   321.0   207.0    207.0
g02eh  126.0   344.0   194.0    184.0
g04eh  194.0   471.0   270.0    248.0
g05eh  150.0   478.0   267.0    277.0
g06eh  118.0   292.0   194.0    173.0
g07eh  122.0   406.0   258.0    286.0
g08eh  179.0   473.0   216.0    250.0
g09eh   74.0   366.0   189.0    228.0
g10eh   83.0   361.0   160.0    184.0
g11eh  106.0   333.0   170.0    180.0
g12eh   88.0   338.0   228.0    203.0
g13eh  134.0   384.0   185.0    208.0
g14eh   73.0   370.0   128.0    159.0
g15eh  153.0   419.0   249.0    245.0
g17eh   78.0   282.0   104.0    121.9
g18eh  114.0   372.0   160.0    145.9
g19eh  127.0   349.0   186.0    153.6
g20eh  121.0   349.0   183.0    153.6
g21eh   94.0   321.0   172.8    144.0
m01ei  165.3   484.1   224.0    243.0
m02ei  231.0   492.0   256.0    272.0
m03ei  110.0   463.0   167.0    189.0
m04ei   89.0   342.0   128.0    144.0
m06ei   50.0   291.0    83.0     83.0
m07ei   73.0   354.0    96.0    120.0
m08ei   68.0   396.0    88.0    104.0
m09ei  105.0   423.0   139.0    158.0
m10ei   87.0   360.0   180.0    171.0
m11ei   76.0   436.0   136.0    163.0
m13ei   94.0   337.0   217.0    172.0
m14ei  110.0   366.0   148.0    159.0
m16ei   57.0   275.0    80.0     88.0
m17ei   68.0   327.0   152.0    145.0
m18ei   86.0   424.0   193.0    165.0
m19ei  121.0   367.0   151.0    164.0
m20ei   76.0   313.0   104.0    120.0
m21ei   93.0   289.0   248.0    183.0
m22ei  128.0   379.0   174.0    211.0
m23ei   95.0   406.0   168.0    199.0
m24ei   89.0   363.0   135.0    156.0
m25ei   62.0   329.0    96.0    120.0
m26ei   76.0   338.0   104.0    120.0
m27ei   73.0   325.0   126.0    152.0
m28ei   87.0   318.0   184.0    222.0
m29ei  106.0   317.0   240.0    223.0
m30ei  127.0   465.0   289.0    290.0
m31ei   74.0   313.0   161.0    135.0
m32ei   90.0   309.0   126.0    104.0
m33ei   69.0   380.0    88.0     96.0
m34ei   99.0   360.0   126.0    162.0
m35ei   85.0   397.0   204.0    167.0
m36ei   94.0   363.0   162.0    131.0
m37ei   78.0   271.0    88.0     96.0
m38ei   70.0   325.0   108.0    107.0
m39ei  116.0   402.0   249.0    208.0
m40ei   74.0   304.0    88.0    104.0
m41ei   91.0   308.0   128.0    145.0
m42ei   99.0   418.0   120.0    146.0
m44ei   79.0   348.0   120.0    128.0
m45ei   90.0   345.0   112.0    128.0
m47ei   78.0   360.0    88.0     96.0
m48ei   65.0   312.0    78.0     90.0
m49ei   52.0   281.0   153.0    171.0
m50ei   69.0   325.0    86.0    115.0
w01ei   85.0   324.0    80.0     96.0
w02ei  141.0   594.0   247.0    268.0
w03ei   92.0   355.0    96.0    104.0
w04ei  101.0   538.0   136.0    144.0
w05ei  124.0   426.0   256.0    223.0
w06ei   99.0   417.0   163.0    240.0
w07ei  106.0   436.0   216.0    240.0
w08ei   90.0   364.0   120.0    136.0
w09ei   57.0   279.0   146.0    175.0
w10ei   72.0   419.0   132.0    152.0
w11ei   66.0   479.0   152.0    183.0
w12ei  113.0   442.0   160.0    176.0
w13ei   97.0   415.0   144.0    168.0
w14ei  130.0   360.0   173.0    179.0
w15ei  156.0   481.0   208.0    210.0
w16ei  141.0   477.0   224.0    240.0
w17ei  144.0   405.0   200.0    176.0
w19ei  128.0   462.0   235.0    162.0
w20ei   96.0   401.0   179.0    183.0
w21ei  139.0   485.0   176.0    184.0
w22ei  156.0   425.0   184.0    208.0
w23ei   91.0   433.0   112.0    128.0
w24ei   96.0   445.0   144.0    168.0
w25ei  130.0   529.0   289.0    268.0
w26ei  151.0   571.0   368.0    391.0
w27ei   89.0   373.0   112.0    120.0
w28ei   76.0   307.0   113.0    106.0
w29ei   85.0   365.0   144.0    168.0
w30ei   89.0   402.0   310.0    295.0
w31ei   88.0   426.0   198.0    216.0
w32ei  103.0   380.0   182.0    180.0
w33ei  111.0   407.0   224.0    256.0
w34ei  142.0   409.0   284.0    282.0
w35ei  154.0   468.0   219.0    224.0
w36ei  158.0   560.0   228.0    256.0
w37ei  149.0   516.0   292.0    256.0
w38ei   71.0   381.0   103.0    115.0
w39ei  160.0   504.0   272.0    296.0
w40ei  169.0   465.0   200.0    208.0
w41ei  119.0   417.0   152.0    160.0
w42ei   54.0   397.0   112.0    128.0
w44ei  134.0   434.0   189.0    207.0
w45ei  107.0   426.0   217.0    214.0
w46ei  112.0   489.0   160.0    176.0
w47ei  160.0   473.0   240.0    239.0
w48ei   93.0   402.0   184.0    162.0
w49ei   86.0   391.0   171.0    154.0
w50ei   78.0   439.0   112.0    128.0
b01ei   72.0   294.0   160.0    133.0
b02ei  201.0   525.0   224.0    270.0
b03ei  110.0   396.0   145.0    180.0
b04ei   99.0   422.0   188.0    182.0
b05ei   82.0   329.0   160.0    136.0
b07ei  114.0   475.0   288.0    288.0
b08ei  156.0   441.0   168.0    184.0
b09ei  126.0   384.0   149.0    155.0
b10ei  136.0   450.0   192.0    192.0
b11ei  162.0   471.0   168.0    176.0
b12ei  114.0   471.0   144.0    160.0
b13ei   95.0   375.0   133.0    141.0
b14ei  145.0   405.0   168.0    176.0
b15ei  128.0   510.0   180.0    170.0
b16ei  156.0   502.0   239.0    247.0
b17ei   84.0   329.0   160.0    179.0
b18ei   86.0   351.0   140.0    144.0
b19ei   57.0   342.0    80.0     88.0
b21ei  139.0   604.0   293.0    308.0
b22ei  115.0   437.0   176.0    154.6
b23ei  108.0   444.0   157.0    152.6
b24ei   89.0   288.0   133.0    134.4
b25ei  112.0   406.0   236.0    153.6
b26ei  191.0   617.0   230.0    232.3
b27ei  156.0   449.0   276.0    304.0
b28ei  162.0   471.0   260.0    195.8
b29ei   86.0   375.0   104.0    112.0
g01ei  119.0   439.0   176.0    195.0
g02ei  117.0   403.0   184.0    192.0
g04ei  156.0   506.0   224.0    256.0
g05ei  164.0   485.0   192.0    208.0
g06ei  155.0   416.0   237.0    216.0
g07ei  143.0   564.0   299.0    252.0
g08ei  187.0   625.0   375.0    362.0
g09ei   59.0   423.0   183.0    152.0
g10ei   88.0   398.0   136.0    144.0
g11ei   90.0   405.0   133.0    135.0
g12ei  108.0   401.0   153.0    172.0
g13ei   89.0   434.0   168.0    176.0
g14ei  113.0   464.0   160.0    176.0
g15ei  151.0   537.0   216.0    240.0
g17ei   83.0   363.0   133.0    126.7
g18ei  128.0   453.0   168.0    168.9
g19ei  101.0   324.0   139.0    128.6
g20ei  110.0   404.0   140.2    169.9
g21ei  129.0   388.0   158.4    152.6
m01er  209.9   533.5   274.0    329.0
m02er  155.0   451.0   271.0    255.0
m03er  107.0   475.0   160.0    245.0
m04er  133.0   465.0   332.0    289.0
m06er   69.0   286.0   172.0    142.0
m07er  114.0   386.0   180.0    191.0
m08er   86.0   368.0   141.0    162.0
m09er  164.0   506.0   218.0    218.0
m10er   90.0   339.0   149.0    149.0
m11er   94.0   434.0   268.0    242.0
m13er   92.0   360.0   204.0    202.0
m14er   95.0   382.0   197.0    227.0
m16er  148.0   352.0   242.0    231.0
m17er  105.0   361.0   174.0    185.0
m18er   67.0   365.0   198.0    193.0
m19er   98.0   341.0   120.0    130.0
m20er   68.0   424.0   222.0    187.0
m21er   82.0   267.0   147.0    126.0
m22er  143.0   399.0   193.0    217.0
m23er   96.0   370.0   140.0    184.0
m24er  105.0   363.0   144.0    164.0
m25er   77.0   337.0   129.0    120.0
m26er   97.0   349.0   130.0    251.0
m27er   79.0   310.0   178.0    207.0
m28er   84.0   285.0   122.0    125.0
m29er   79.0   285.0   193.0    215.0
m30er  111.0   421.0   197.0    183.0
m31er   97.0   307.0   145.0    115.0
m32er  122.0   324.0   222.0    241.0
m33er   61.0   331.0   176.0    169.0
m34er  137.0   389.0   279.0    278.0
m35er   85.0   356.0   216.0    252.0
m36er   92.0   382.0   168.0    168.0
m37er   72.0   284.0   144.0    203.0
m38er   81.0   287.0   143.0    153.0
m39er   94.0   354.0   162.0    151.0
m40er   93.0   359.0   124.0    120.0
m41er   87.0   301.0   179.0    187.0
m42er  126.0   452.0   248.0    288.0
m44er   69.0   321.0   120.0    144.0
m45er   96.0   351.0   144.0    160.0
m47er  108.0   367.0   193.0    208.0
m48er   75.0   323.0   136.0    164.0
m49er   77.0   315.0   207.0    172.0
m50er  103.0   361.0   168.0    196.0
w01er   86.0   386.0   128.0    136.0
w02er  149.0   567.0   199.0    224.0
w03er  116.0   394.0   232.0    247.0
w04er  101.0   451.0   196.0    196.0
w05er  105.0   422.0   226.0    166.0
w06er   97.0   439.0   147.0    173.0
w07er  132.0   452.0   336.0    192.0
w08er   68.0   340.0   125.0    120.0
w09er   76.0   337.0   168.0    176.0
w10er   90.0   432.0   230.0    209.0
w11er   96.0   485.0   192.0    216.0
w12er  131.0   479.0   228.0    239.0
w13er  105.0   380.0   181.0    225.0
w14er  145.0   412.0   231.0    232.0
w15er  137.0   492.0   283.0    293.0
w16er  136.0   431.0   209.0    219.0
w17er  107.0   415.0   212.0    198.0
w19er  136.0   455.0   273.0    292.0
w20er  164.0   489.0   373.0    354.0
w21er  153.0   523.0   396.0    379.0
w22er  135.0   414.0   195.0    172.0
w23er   96.0   441.0   216.0    240.0
w24er  104.0   431.0   319.0    271.0
w25er  126.0   529.0   320.0    344.0
w26er  120.0   460.0   276.0    276.0
w27er   96.0   338.0   171.0    152.0
w28er   51.0   274.0   155.0    136.0
w29er  180.0   491.0   238.0    216.0
w30er   96.0   428.0   170.0    182.0
w31er  152.0   487.0   255.0    245.0
w32er   96.0   368.0   168.0    184.0
w33er  134.0   479.0   214.0    245.0
w34er  123.0   363.0   217.0    200.0
w35er  170.0   470.0   245.0    239.0
w36er  187.0   625.0   344.0    392.0
w37er  206.0   577.0   348.0    323.0
w38er   95.0   398.0   176.0    149.0
w39er  162.0   502.0   300.0    325.0
w40er  156.0   460.0   252.0    285.0
w41er  153.0   415.0   237.0    240.0
w42er   53.0   384.0   192.0    197.0
w44er  124.0   443.0   274.0    258.0
w45er   86.0   396.0   216.0    197.0
w46er  132.0   514.0   297.0    272.0
w47er  110.0   437.0   183.0    212.0
w48er  101.0   447.0   155.0    152.0
w49er  107.0   408.0   282.0    310.0
w50er   89.0   445.0   256.0    296.0
b01er   86.0   313.0   166.0    180.0
b02er  128.0   523.0   308.0    329.0
b03er   96.0   376.0   195.0    189.0
b04er  123.0   509.0   312.0    268.0
b05er   63.0   291.0   105.0     98.0
b07er  108.0   483.0   312.0    333.0
b08er  160.0   421.0   280.0    259.0
b09er  149.0   411.0   235.0    226.0
b10er  164.0   490.0   234.0    211.0
b11er  100.0   422.0   152.0    159.0
b12er  126.0   492.0   325.0    289.0
b13er  113.0   368.0   263.0    265.0
b14er  108.0   391.0   289.0    270.0
b15er  141.0   512.0   272.0    312.0
b16er  143.0   477.0   329.0    344.0
b17er  109.0   413.0   130.0    142.0
b18er   95.0   399.0   235.0    211.0
b19er   79.0   357.0   220.0    183.0
b21er  128.0   506.0   328.0    329.0
b22er  120.0   456.0   157.0    155.5
b23er  143.0   475.0   307.0    205.4
b24er  124.0   394.0   167.0    148.8
b25er  128.0   405.0   198.0    161.3
b26er  112.0   459.0   150.0    145.9
b27er   97.0   348.0   173.0    117.1
b28er  107.0   370.0   202.0    224.0
b29er  101.0   491.0   232.0    264.0
g01er  132.0   429.0   244.0    270.0
g02er  113.0   371.0   207.0    219.0
g04er  145.0   504.0   281.0    233.0
g05er  128.0   476.0   201.0    227.0
g06er  157.0   456.0   262.0    262.0
g07er   96.0   461.0   176.0    202.0
g08er  151.0   497.0   283.0    308.0
g09er   77.0   490.0   146.0    203.0
g10er  137.0   457.0   312.0    332.0
g11er  102.0   398.0   153.0    168.0
g12er  113.0   383.0   201.0    223.0
g13er  139.0   427.0   170.0    186.0
g14er  104.0   416.0   168.0    192.0
g15er  129.0   460.0   184.0    197.0
g17er   78.0   347.0   123.0    125.8
g18er  163.0   450.0   240.0    256.0
g19er  110.0   307.0   120.0    137.3
g20er   92.0   378.0   147.0    127.7
g21er  117.0   379.0   135.0    145.0
m01ih  177.9   445.7   216.0    232.0
m02ih  174.0   357.0   208.0    216.0
m03ih  110.0   372.0   200.0    148.0
m04ih   96.0   323.0   111.0    121.0
m06ih   68.0   227.0    92.0    106.0
m07ih   69.0   259.0    88.0    104.0
m08ih   96.0   331.0   155.0    130.0
m09ih  162.0   383.0   212.0    203.0
m10ih  111.0   297.0   139.0    152.0
m11ih  124.0   425.0   208.0    232.0
m13ih  111.0   275.0   120.0    128.0
m14ih   76.0   325.0    95.0    112.0
m16ih   59.0   193.0    94.0     87.0
m17ih   86.0   255.0   120.0    117.0
m18ih  110.0   289.0   162.0    193.0
m19ih  144.0   338.0   176.0    168.0
m20ih   86.0   307.0   112.0    129.0
m21ih   84.0   229.0    96.0    112.0
m22ih  135.0   355.0   160.0    167.0
m23ih   67.0   274.0   107.0    139.0
m24ih   98.0   300.0   144.0    144.0
m25ih   70.0   246.0    92.0     78.0
m26ih  119.0   316.0   167.0    142.0
m27ih  101.0   289.0   160.0    168.0
m28ih   96.0   256.0   112.0    129.0
m29ih  106.0   251.0   144.0    160.0
m30ih  108.0   286.0   140.0    145.0
m31ih  102.0   236.0   128.0    142.0
m32ih   86.0   240.0   109.0    112.0
m33ih   70.0   274.0    88.0    104.0
m34ih  103.0   275.0   121.0    138.0
m35ih   77.0   303.0   104.0    112.0
m36ih  120.0   294.0   137.0    146.0
m37ih   60.0   207.0    83.0     81.0
m38ih   79.0   221.0    94.0     94.0
m39ih   91.0   259.0   118.0    116.0
m40ih   98.0   292.0   144.0    168.0
m41ih   62.0   247.0    97.0     96.0
m42ih  143.0   334.0   191.0    217.0
m44ih   94.0   298.0   111.0    130.0
m45ih  108.0   332.0   160.0    184.0
m47ih   43.0   287.0    64.0     80.0
m48ih   51.0   233.0    92.0     67.0
m49ih   72.0   249.0   104.0    120.0
m50ih   63.0   261.0    74.0     95.0
w01ih   75.0   251.0   128.0    127.0
w02ih  110.0   466.0   174.0    195.0
w03ih   54.0   251.0    86.0     98.0
w04ih   91.0   447.0   180.0    200.0
w05ih  178.0   444.0   216.0    220.0
w06ih  123.0   389.0   235.0    202.0
w07ih  105.0   390.0   160.0    152.0
w08ih  179.0   359.0   212.0    212.0
w09ih   57.0   275.0   117.0    136.0
w10ih   62.0   311.0   126.0    142.0
w11ih   74.0   394.0    88.0    104.0
w12ih  118.0   364.0   160.0    168.0
w13ih   86.0   305.0   199.0    191.0
w14ih  112.0   321.0   193.0    185.0
w15ih  113.0   331.0   171.0    183.0
w16ih  143.0   433.0   200.0    208.0
w17ih  113.0   316.0   152.0    168.0
w19ih  127.0   383.0   168.0    176.0
w20ih  190.0   430.0   232.0    253.0
w21ih  147.0   492.0   256.0    288.0
w22ih   92.0   263.0   113.0    133.0
w23ih   88.0   315.0   216.0    148.0
w24ih  114.0   372.0   208.0    224.0
w25ih  158.0   460.0   208.0    232.0
w26ih  128.0   337.0   160.0    176.0
w27ih   80.0   277.0    96.0    104.0
w28ih   54.0   221.0    72.0     80.0
w29ih   83.0   302.0   120.0    128.0
w30ih  104.0   312.0   136.0    152.0
w31ih  218.0   479.0   247.0    272.0
w32ih   86.0   299.0   148.0    143.0
w33ih   76.0   303.0   154.0    193.0
w34ih  112.0   287.0   139.0    162.0
w35ih  142.0   318.0   160.0    168.0
w36ih  155.0   508.0   385.0    395.0
w37ih  145.0   508.0   184.0    200.0
w38ih   97.0   336.0   152.0    173.0
w39ih  140.0   387.0   160.0    168.0
w40ih  136.0   363.0   176.0    192.0
w41ih  109.0   309.0   160.0    168.0
w42ih   83.0   253.0   104.0    147.0
w44ih  118.0   384.0   155.0    178.0
w45ih  127.0   414.0   176.0    200.0
w46ih   76.0   328.0   126.0    146.0
w47ih   86.0   294.0   136.0    144.0
w48ih   78.0   287.0    96.0    110.0
w49ih   75.0   291.0   115.0    132.0
w50ih   96.0   341.0   128.0    136.0
b01ih   81.0   278.0   112.0    157.0
b02ih  181.0   420.0   232.0    248.0
b03ih  148.0   432.0   294.0    251.0
b04ih  124.0   392.0   169.0    207.0
b05ih   79.0   288.0   104.0    112.0
b07ih  105.0   373.0   311.0    285.0
b08ih  236.0   441.0   259.0    280.0
b09ih  158.0   390.0   279.0    256.0
b10ih  142.0   405.0   257.0    252.0
b11ih   93.0   320.0   200.0    231.0
b12ih  118.0   423.0   299.0    306.0
b13ih  117.0   370.0   128.0    152.0
b14ih   90.0   267.0   104.0    112.0
b15ih   94.0   349.0   152.0    126.0
b16ih  155.0   445.0   270.0    304.0
b17ih  122.0   398.0   180.0    158.0
b18ih   88.0   284.0   159.0    155.0
b19ih   57.0   320.0   104.0    120.0
b21ih  101.0   401.0   128.0    144.0
b22ih  107.0   294.0   129.0    135.4
b23ih  131.0   336.0   176.0    174.7
b24ih  104.0   241.0   118.0    124.8
b25ih  121.0   370.0   168.0    155.5
b26ih  142.0   458.0   160.0    168.0
b27ih   91.0   265.0   131.0    112.3
b28ih  151.0   345.0   184.0    169.9
b29ih  110.0   404.0   187.0    145.9
g01ih  114.0   347.0   170.0    180.0
g02ih  162.0   359.0   184.0    200.0
g04ih  218.0   531.0   387.0    364.0
g05ih  163.0   486.0   216.0    232.0
g06ih  152.0   302.0   160.0    176.0
g07ih  102.0   413.0   152.0    160.0
g08ih  174.0   552.0   249.0    247.0
g09ih   91.0   399.0   112.0    120.0
g10ih  168.0   409.0   210.0    217.0
g11ih   97.0   347.0   268.0    252.0
g12ih  127.0   367.0   178.0    197.0
g13ih   95.0   368.0   147.0    168.0
g14ih  164.0   475.0   195.0    198.0
g15ih  134.0   471.0   200.0    261.0
g17ih  165.0   377.0   218.0    211.2
g18ih  107.0   374.0   174.0    132.5
g19ih  108.0   276.0   140.0    149.8
g20ih  116.0   336.0   152.0    160.3
g21ih   94.0   264.0   120.0    128.0
m01iy  160.8   499.9   218.0    285.0
m02iy  187.0   423.0   240.0    258.0
m03iy  153.0   468.0   204.0    272.0
m04iy   73.0   313.0   192.0    189.0
m06iy   79.0   320.0   220.0    214.0
m07iy  100.0   359.0   156.0    173.0
m08iy   91.0   389.0   131.0    192.0
m09iy  141.0   482.0   229.0    262.0
m10iy  206.0   429.0   262.0    239.0
m11iy  235.0   558.0   372.0    414.0
m13iy  115.0   344.0   251.0    280.0
m14iy   90.0   346.0   137.0    157.0
m16iy   85.0   264.0   141.0    140.0
m17iy   79.0   340.0   179.0    188.0
m18iy   63.0   336.0   141.0    132.0
m19iy  128.0   360.0   220.0    194.0
m20iy   89.0   352.0   217.0    202.0
m21iy   88.0   241.0   142.0    140.0
m22iy  147.0   398.0   271.0    266.0
m23iy  162.0   427.0   193.0    202.0
m24iy  104.0   345.0   156.0    150.0
m25iy   91.0   359.0   177.0    167.0
m26iy   89.0   360.0   211.0    210.0
m27iy  118.0   336.0   277.0    278.0
m28iy  119.0   313.0   182.0    155.0
m29iy  192.0   353.0   266.0    243.0
m30iy  140.0   422.0   176.0    198.0
m31iy   89.0   291.0   168.0    174.0
m32iy  126.0   331.0   247.0    246.0
m33iy   80.0   334.0   146.0    176.0
m34iy  154.0   354.0   201.0    268.0
m35iy   66.0   334.0   135.0    182.0
m36iy  117.0   336.0   250.0    218.0
m37iy   81.0   276.0   152.0    152.0
m38iy   96.0   283.0   139.0    125.0
m39iy  190.0   425.0   255.0    256.0
m40iy  146.0   377.0   184.0    187.0
m41iy   82.0   303.0   187.0    189.0
m42iy  110.0   396.0   184.0    160.0
m44iy  123.0   414.0   154.0    176.0
m45iy   92.0   326.0   127.0    237.0
m47iy   87.0   315.0   180.0    174.0
m48iy   85.0   301.0   189.0    167.0
m49iy   96.0   342.0   255.0    262.0
m50iy  161.0   389.0   288.0    325.0
w01iy   69.0   301.0   208.0    210.0
w02iy  174.0   554.0   325.0    335.0
w03iy   94.0   383.0   238.0    256.0
w04iy  180.0   544.0   398.0    393.0
w05iy  141.0   446.0   249.0    277.0
w06iy   86.0   418.0   236.0    243.0
w07iy  148.0   429.0   248.0    264.0
w08iy  135.0   432.0   282.0    290.0
w09iy   90.0   336.0   194.0    208.0
w10iy  107.0   431.0   282.0    251.0
w11iy  102.0   535.0   365.0    342.0
w12iy  133.0   492.0   343.0    352.0
w13iy  168.0   504.0   322.0    308.0
w14iy   79.0   340.0   112.0    136.0
w15iy  206.0   527.0   410.0    360.0
w16iy  126.0   404.0   220.0    222.0
w17iy  134.0   374.0   216.0    231.0
w19iy   96.0   398.0   291.0    259.0
w20iy  176.0   463.0   337.0    336.0
w21iy  155.0   508.0   319.0    350.0
w22iy  116.0   420.0   218.0    190.0
w23iy  120.0   427.0   216.0    232.0
w24iy  126.0   460.0   318.0    324.0
w25iy  137.0   483.0   325.0    325.0
w26iy  112.0   448.0   293.0    237.0
w27iy  124.0   374.0   227.0    206.0
w28iy  108.0   330.0   219.0    229.0
w29iy  112.0   396.0   176.0    178.0
w30iy  117.0   423.0   277.0    276.0
w31iy  139.0   455.0   185.0    212.0
w32iy  119.0   380.0   192.0    224.0
w33iy  131.0   388.0   170.0    182.0
w34iy  141.0   377.0   227.0    256.0
w35iy  157.0   433.0   326.0    299.0
w36iy  153.0   477.0   312.0    377.0
w37iy  160.0   556.0   439.0    387.0
w38iy  149.0   425.0   363.0    380.0
w39iy  178.0   516.0   333.0    364.0
w40iy  160.0   431.0   254.0    268.0
w41iy  135.0   398.0   312.0    319.0
w42iy  156.0   532.0   316.0    335.0
w44iy  203.0   571.0   400.0    412.0
w45iy   97.0   423.0   160.0    186.0
w46iy  125.0   441.0   228.0    228.0
w47iy  144.0   480.0   336.0    312.0
w48iy  110.0   389.0   195.0    254.0
w49iy  145.0   435.0   176.0    200.0
w50iy   94.0   408.0   253.0    269.0
b01iy  120.0   357.0   188.0    184.0
b02iy   87.0   404.0   185.0    195.0
b03iy  110.0   387.0   137.0    144.0
b04iy  166.0   484.0   225.0    235.0
b05iy  154.0   396.0   210.0    216.0
b07iy  112.0   422.0   282.0    307.0
b08iy  223.0   464.0   324.0    324.0
b09iy   84.0   380.0   120.0    128.0
b10iy  160.0   426.0   320.0    254.0
b11iy  117.0   371.0   220.0    209.0
b12iy   99.0   448.0   291.0    270.0
b13iy   89.0   323.0   122.0    147.0
b14iy  148.0   475.0   320.0    257.0
b15iy  109.0   438.0   139.0    180.0
b16iy  139.0   463.0   345.0    336.0
b17iy   92.0   423.0   195.0    163.0
b18iy   96.0   365.0   285.0    220.0
b19iy   76.0   364.0   236.0    225.0
b21iy  108.0   506.0   327.0    322.0
b22iy  133.0   458.0   168.0    170.9
b23iy  139.0   416.0   204.0    264.0
b24iy  117.0   322.0   131.0    150.7
b25iy  197.0   506.0   230.0    240.0
b26iy  162.0   504.0   323.0    288.0
b27iy  114.0   355.0   171.0    136.3
b28iy  155.0   423.0   275.0    218.9
b29iy   97.0   366.0   200.0    168.0
g01iy  299.0   613.0   435.0    423.0
g02iy  114.0   362.0   164.0    225.0
g04iy  176.0   500.0   360.0    368.0
g05iy  166.0   471.0   224.0    240.0
g06iy  168.0   398.0   197.0    206.0
g07iy  110.0   496.0   239.0    220.0
g08iy  183.0   573.0   314.0    300.0
g09iy  130.0   529.0   238.0    223.0
g10iy  131.0   423.0   273.0    289.0
g11iy  166.0   448.0   260.0    364.0
g12iy   98.0   402.0   262.0    291.0
g13iy  112.0   508.0   358.0    368.0
g14iy   85.0   405.0   208.0    224.0
g15iy  147.0   504.0   274.0    256.0
g17iy   86.0   352.0   155.0    134.4
g18iy  224.0   567.0   296.0    263.0
g19iy  109.0   302.0   153.0    164.2
g20iy  126.0   369.0   265.9    232.3
g21iy  156.0   414.0   289.9    240.0
m01oa  179.3   547.9   283.0    325.0
m02oa  158.0   419.0   206.0    187.0
m03oa  122.0   539.0   272.0    206.0
m04oa  132.0   432.0   259.0    257.0
m06oa   61.0   324.0   152.0    179.0
m07oa   78.0   344.0   129.0    168.0
m08oa   79.0   364.0   172.0    178.0
m09oa  114.0   454.0   193.0    224.0
m10oa  117.0   386.0   195.0    157.0
m11oa  129.0   503.0   179.0    221.0
m13oa  136.0   404.0   174.0    216.0
m14oa  119.0   388.0   184.0    179.0
m16oa   68.0   282.0   163.0    162.0
m17oa  115.0   387.0   226.0    218.0
m18oa  140.0   477.0   323.0    327.0
m19oa  120.0   367.0   176.0    178.0
m20oa   94.0   413.0   136.0    113.0
m21oa  120.0   324.0   202.0    150.0
m22oa  112.0   399.0   200.0    174.0
m23oa  138.0   417.0   261.0    264.0
m24oa   78.0   311.0   116.0    152.0
m25oa   72.0   333.0   114.0    104.0
m26oa  104.0   379.0   245.0    253.0
m27oa   99.0   345.0   113.0    141.0
m28oa  101.0   314.0   125.0    141.0
m29oa   92.0   330.0   160.0    176.0
m30oa  158.0   459.0   355.0    341.0
m31oa   72.0   247.0    86.0     94.0
m32oa   66.0   264.0   172.0    161.0
m33oa  111.0   371.0   201.0    216.0
m34oa  193.0   436.0   229.0    246.0
m35oa   85.0   402.0   130.0    161.0
m36oa  104.0   334.0   220.0    215.0
m37oa   45.0   256.0   160.0    185.0
m38oa   81.0   290.0    98.0     98.0
m39oa   93.0   345.0   216.0    208.0
m40oa   98.0   354.0   152.0    168.0
m41oa   76.0   305.0   108.0    129.0
m42oa  107.0   396.0   191.0    127.0
m44oa  113.0   395.0   136.0    144.0
m45oa  101.0   348.0   136.0    142.0
m47oa  114.0   407.0   261.0    277.0
m48oa   82.0   314.0   217.0    216.0
m49oa   76.0   264.0   143.0    128.0
m50oa   92.0   343.0   104.0    123.0
w01oa   82.0   384.0   152.0    184.0
w02oa  103.0   525.0   368.0    341.0
w03oa   98.0   372.0   144.0    152.0
w04oa  106.0   516.0   179.0    194.0
w05oa  145.0   521.0   325.0    348.0
w06oa  128.0   481.0   214.0    247.0
w07oa   96.0   358.0   145.0    141.0
w08oa  105.0   409.0   288.0    266.0
w09oa  100.0   357.0   192.0    213.0
w10oa   85.0   448.0   306.0    260.0
w11oa  104.0   476.0   240.0    271.0
w12oa  136.0   455.0   192.0    240.0
w13oa   93.0   408.0   136.0    152.0
w14oa  138.0   402.0   209.0    201.0
w15oa  183.0   540.0   418.0    402.0
w16oa  135.0   481.0   243.0    235.0
w17oa  138.0   436.0   199.0    224.0
w19oa  149.0   489.0   272.0    181.0
w20oa  191.0   508.0   420.0    343.0
w21oa  168.0   542.0   414.0    391.0
w22oa  158.0   492.0   206.0    204.0
w23oa   89.0   434.0   285.0    240.0
w24oa  136.0   498.0   362.0    343.0
w25oa  130.0   573.0   240.0    256.0
w26oa  147.0   525.0   356.0    360.0
w27oa   97.0   362.0   153.0    216.0
w28oa  103.0   328.0   129.0    144.0
w29oa  169.0   454.0   224.0    220.0
w30oa  117.0   430.0   133.0    169.0
w31oa  104.0   467.0   212.0    241.0
w32oa   92.0   331.0   241.0    232.0
w33oa  120.0   397.0   261.0    259.0
w34oa  172.0   426.0   315.0    284.0
w35oa  128.0   437.0   209.0    199.0
w36oa  143.0   483.0   277.0    295.0
w37oa  130.0   536.0   272.0    296.0
w38oa   89.0   385.0   173.0    145.0
w39oa  149.0   502.0   358.0    333.0
w40oa  155.0   460.0   335.0    322.0
w41oa  119.0   407.0   310.0    288.0
w42oa   72.0   390.0   262.0    266.0
w44oa  126.0   473.0   299.0    316.0
w45oa   90.0   413.0   192.0    189.0
w46oa  128.0   478.0   156.0    194.0
w47oa  124.0   504.0   200.0    174.0
w48oa   82.0   364.0   171.0    168.0
w49oa  114.0   429.0   174.0    184.0
w50oa   80.0   441.0   132.0    145.0
b01oa   72.0   339.0   101.0    128.0
b02oa  156.0   492.0   254.0    228.0
b03oa  115.0   425.0   248.0    216.0
b04oa  220.0   542.0   304.0    320.0
b05oa   65.0   312.0   121.0    132.0
b07oa   97.0   408.0   216.0    212.0
b08oa  203.0   544.0   336.0    376.0
b09oa  115.0   325.0   173.0    168.0
b10oa  109.0   425.0   176.0    170.0
b11oa   85.0   355.0   209.0    212.0
b12oa  126.0   529.0   267.0    260.0
b13oa   72.0   331.0   160.0    146.0
b14oa   71.0   334.0   128.0    101.0
b15oa   95.0   489.0   366.0    260.0
b16oa  143.0   458.0   341.0    335.0
b17oa   85.0   375.0   196.0    165.0
b18oa   94.0   354.0   235.0    179.0
b19oa   68.0   403.0   325.0    234.0
b21oa  118.0   515.0   214.0    218.0
b22oa  147.0   517.0   297.0    193.9
b23oa  137.0   451.0   294.0    312.0
b24oa  116.0   332.0   176.0    153.6
b25oa  111.0   403.0   154.0    132.5
b26oa  121.0   459.0   163.0    146.9
b27oa  118.0   382.0   138.0    154.6
b28oa  119.0   412.0   178.0    163.2
b29oa  151.0   418.0   300.0    264.0
g01oa  207.0   470.0   285.0    254.0
g02oa  101.0   396.0   160.0    168.0
g04oa  170.0   550.0   333.0    341.0
g05oa  117.0   497.0   167.0    182.0
g06oa  166.0   434.0   310.0    298.0
g07oa  114.0   556.0   375.0    393.0
g08oa  170.0   479.0   243.0    300.0
g09oa   73.0   496.0   194.0    242.0
g10oa  159.0   497.0   216.0    232.0
g11oa  126.0   489.0   281.0    256.0
g12oa  163.0   400.0   281.0    260.0
g13oa  118.0   469.0   269.0    229.0
g14oa  108.0   438.0   360.0    298.0
g15oa   88.0   470.0   293.0    256.0
g17oa   80.0   342.0    96.0    114.2
g18oa  187.0   487.0   286.0    234.2
g19oa  101.0   323.0   179.0    192.0
g20oa   93.0   410.0   250.6    226.6
g21oa   95.0   341.0   168.0    121.0
m01oo  179.7   434.6   258.0    266.0
m02oo  161.0   335.0   208.0    190.0
m03oo  120.0   395.0   172.0    187.0
m04oo   84.0   294.0   128.0    120.0
m06oo   51.0   198.0    86.0     93.0
m07oo  100.0   297.0   145.0    149.0
m08oo   93.0   334.0   151.0    163.0
m09oo  251.0   489.0   274.0    280.0
m10oo  148.0   344.0   193.0    196.0
m11oo   85.0   360.0   168.0    175.0
m13oo   83.0   291.0   155.0    131.0
m14oo   92.0   295.0   132.0    121.0
m16oo   63.0   213.0    88.0     92.0
m17oo  115.0   293.0   182.0    176.0
m18oo   68.0   234.0   112.0    122.0
m19oo  113.0   335.0   134.0    150.0
m20oo   96.0   333.0   128.0    134.0
m21oo   72.0   219.0    87.0     96.0
m22oo  142.0   315.0   192.0    199.0
m23oo  118.0   322.0   167.0    167.0
m24oo   93.0   303.0   124.0    140.0
m25oo   56.0   272.0    97.0     99.0
m26oo   83.0   291.0   119.0    104.0
m27oo  126.0   299.0   139.0    146.0
m28oo  125.0   271.0   144.0    144.0
m29oo  133.0   321.0   180.0    224.0
m30oo  140.0   331.0   168.0    169.0
m31oo  110.0   221.0   136.0    144.0
m32oo   64.0   198.0    94.0     86.0
m33oo   70.0   250.0   110.0    105.0
m34oo  143.0   303.0   163.0    169.0
m35oo   75.0   305.0   176.0    209.0
m36oo   81.0   266.0   123.0    112.0
m37oo   66.0   225.0    75.0     88.0
m38oo   74.0   227.0    90.0     98.0
m39oo   82.0   278.0   155.0    120.0
m40oo  112.0   280.0   127.0    147.0
m41oo   91.0   267.0   120.0    102.0
m42oo  104.0   331.0   155.0    152.0
m44oo   72.0   292.0    88.0     96.0
m45oo  115.0   301.0   176.0    189.0
m47oo   82.0   301.0   161.0    169.0
m48oo   88.0   255.0   149.0    156.0
m49oo   73.0   251.0   102.0    104.0
m50oo  141.0   346.0   188.0    196.0
w01oo  147.0   385.0   203.0    187.0
w02oo  204.0   594.0   324.0    327.0
w03oo   88.0   353.0   136.0    163.0
w04oo  188.0   467.0   216.0    248.0
w05oo  139.0   408.0   190.0    197.0
w06oo  142.0   425.0   187.0    192.0
w07oo  135.0   362.0   208.0    232.0
w08oo   97.0   307.0   143.0    142.0
w09oo   79.0   288.0   114.0    116.0
w10oo   80.0   333.0   117.0    111.0
w11oo   74.0   406.0   168.0    166.0
w12oo  128.0   417.0   183.0    160.0
w13oo   71.0   298.0    96.0    105.0
w14oo  116.0   343.0   149.0    141.0
w15oo  143.0   383.0   174.0    187.0
w16oo  143.0   416.0   199.0    168.0
w17oo  131.0   333.0   163.0    156.0
w19oo  117.0   449.0   185.0    200.0
w20oo  184.0   485.0   211.0    251.0
w21oo  170.0   540.0   233.0    226.0
w22oo   79.0   349.0    99.0    121.0
w23oo   77.0   285.0    91.0    110.0
w24oo  142.0   387.0   176.0    192.0
w25oo  125.0   456.0   160.0    184.0
w26oo  152.0   323.0   217.0    195.0
w27oo  112.0   279.0   128.0    144.0
w28oo   66.0   247.0   127.0    133.0
w29oo  103.0   308.0   155.0    147.0
w30oo   96.0   312.0   144.0    175.0
w31oo  131.0   376.0   160.0    176.0
w32oo  100.0   283.0   148.0    128.0
w33oo  128.0   315.0   142.0    168.0
w34oo  155.0   342.0   181.0    197.0
w35oo  187.0   390.0   236.0    263.0
w36oo  164.0   492.0   216.0    248.0
w37oo  120.0   453.0   143.0    172.0
w38oo   82.0   333.0   112.0    120.0
w39oo  149.0   385.0   240.0    217.0
w40oo  186.0   419.0   232.0    256.0
w41oo  147.0   364.0   164.0    177.0
w42oo   84.0   330.0   105.0    128.0
w44oo  138.0   380.0   202.0    220.0
w45oo  103.0   342.0   120.0    137.0
w46oo  101.0   366.0   112.0    172.0
w47oo   83.0   314.0   109.0    119.0
w48oo   93.0   332.0   120.0    145.0
w49oo   95.0   312.0   101.0    120.0
w50oo   78.0   351.0   128.0    152.0
b01oo   81.0   265.0   145.0    127.0
b02oo  124.0   377.0   162.0    204.0
b03oo  114.0   361.0   218.0    220.0
b04oo  131.0   474.0   191.0    194.0
b05oo   75.0   272.0   136.0    120.0
b07oo   92.0   373.0   255.0    226.0
b08oo  202.0   402.0   233.0    244.0
b09oo  223.0   445.0   298.0    288.0
b10oo  153.0   412.0   258.0    261.0
b11oo   94.0   365.0   177.0    158.0
b12oo  138.0   463.0   196.0    192.0
b13oo  133.0   377.0   177.0    161.0
b14oo   93.0   272.0   104.0    114.0
b15oo  139.0   468.0   258.0    208.0
b16oo  106.0   367.0   160.0    179.0
b17oo   84.0   331.0   104.0    120.0
b18oo  114.0   303.0   160.0    167.0
b19oo   58.0   352.0    96.0    112.0
b21oo   72.0   342.0   183.0    195.0
b22oo  120.0   352.0   161.0    175.7
b23oo  118.0   324.0   150.0    155.5
b24oo   87.0   256.0   107.0    109.4
b25oo  153.0   407.0   194.0    183.4
b26oo  101.0   404.0   128.0    138.2
b27oo   87.0   261.0   123.0    112.3
b28oo  169.0   382.0   210.0    197.8
b29oo  114.0   335.0   172.0    154.6
g01oo  141.0   365.0   174.0    192.0
g02oo   88.0   294.0   135.0    149.0
g04oo  216.0   583.0   331.0    312.0
g05oo  117.0   492.0   168.0    184.0
g06oo  164.0   398.0   200.0    203.0
g07oo   82.0   268.0   104.0    134.0
g08oo  147.0   439.0   189.0    245.0
g09oo   78.0   362.0   121.0    161.0
g10oo  135.0   403.0   174.0    172.0
g11oo   96.0   406.0   203.0    210.0
g12oo   98.0   312.0   160.0    168.0
g13oo  108.0   377.0   168.0    192.0
g14oo   99.0   413.0   127.0    168.0
g15oo  164.0   462.0   235.0    220.0
g17oo  104.0   292.0   153.0    139.2
g18oo  104.0   315.0   151.0    135.4
g19oo  100.0   255.0   124.0    124.8
g20oo  107.0   348.0   145.9    145.9
g21oo   85.0   264.0   107.5    126.7
m01uh  169.1   461.0   231.0    281.0
m02uh  152.0   325.0   183.0    196.0
m03uh  172.0   469.0   264.0    287.0
m04uh   91.0   302.0   120.0    128.0
m06uh   66.0   235.0    91.0    120.0
m07uh   87.0   272.0   118.0    127.0
m08uh   98.0   340.0   128.0    144.0
m09uh  102.0   305.0   120.0    130.0
m10uh  102.0   285.0   120.0    139.0
m11uh   75.0   370.0   204.0    189.0
m13uh   76.0   248.0   106.0     90.0
m14uh  109.0   336.0   140.0    145.0
m16uh   66.0   212.0    94.0     94.0
m17uh   98.0   274.0   133.0    145.0
m18uh   77.0   270.0   128.0    144.0
m19uh  131.0   314.0   164.0    168.0
m20uh   83.0   272.0   113.0    119.0
m21uh  109.0   248.0   135.0    153.0
m22uh  199.0   425.0   235.0    243.0
m23uh   99.0   301.0   160.0    171.0
m24uh  108.0   309.0   174.0    195.0
m25uh   85.0   297.0   115.0    125.0
m26uh  105.0   335.0   165.0    184.0
m27uh  110.0   276.0   123.0    126.0
m28uh  120.0   288.0   144.0    152.0
m29uh  121.0   266.0   152.0    168.0
m30uh  115.0   314.0   180.0    173.0
m31uh  124.0   252.0   139.0    144.0
m32uh  111.0   254.0   147.0    154.0
m33uh   71.0   275.0   110.0    130.0
m34uh   78.0   255.0    98.0    135.0
m35uh   80.0   299.0   139.0    151.0
m36uh  115.0   286.0   158.0    142.0
m37uh   82.0   251.0   100.0    113.0
m38uh   65.0   220.0    88.0    104.0
m39uh   66.0   259.0    94.0     86.0
m40uh   79.0   280.0   112.0    128.0
m41uh  101.0   282.0   123.0    145.0
m42uh  144.0   386.0   178.0    170.0
m44uh   96.0   304.0   125.0    147.0
m45uh  134.0   328.0   174.0    178.0
m47uh  109.0   307.0   144.0    179.0
m48uh   81.0   269.0   154.0    156.0
m49uh   78.0   244.0    83.0     89.0
m50uh   82.0   258.0   114.0    110.0
w01uh   58.0   304.0    81.0     91.0
w02uh  180.0   525.0   216.0    248.0
w03uh   88.0   294.0   101.0    109.0
w04uh   84.0   415.0   184.0    188.0
w05uh  128.0   418.0   168.0    199.0
w06uh  123.0   356.0   192.0    200.0
w07uh  190.0   399.0   224.0    252.0
w08uh  103.0   310.0   128.0    150.0
w09uh   98.0   291.0   173.0    181.0
w10uh   79.0   335.0   201.0    168.0
w11uh   80.0   346.0   158.0    152.0
w12uh  106.0   354.0   143.0    146.0
w13uh  117.0   338.0   166.0    180.0
w14uh  129.0   335.0   206.0    205.0
w15uh  143.0   431.0   229.0    245.0
w16uh  143.0   393.0   204.0    206.0
w17uh  128.0   311.0   144.0    160.0
w19uh  108.0   394.0   247.0    208.0
w20uh  128.0   377.0   160.0    184.0
w21uh  191.0   521.0   240.0    256.0
w22uh  105.0   314.0   184.0    200.0
w23uh  110.0   330.0   179.0    169.0
w24uh  146.0   396.0   207.0    201.0
w25uh  139.0   448.0   192.0    229.0
w26uh  143.0   330.0   208.0    177.0
w27uh   98.0   293.0   160.0    137.0
w28uh   95.0   289.0   127.0    141.0
w29uh   68.0   268.0    94.0    120.0
w30uh   95.0   303.0   130.0    157.0
w31uh  122.0   321.0   140.0    176.0
w32uh  119.0   343.0   163.0    156.0
w33uh   95.0   288.0   104.0    112.0
w34uh  120.0   284.0   144.0    148.0
w35uh  144.0   359.0   215.0    214.0
w36uh  170.0   535.0   224.0    248.0
w37uh  160.0   485.0   251.0    231.0
w38uh  102.0   316.0   121.0    159.0
w39uh  172.0   405.0   260.0    263.0
w40uh  154.0   387.0   206.0    195.0
w41uh  115.0   316.0   130.0    157.0
w42uh  104.0   260.0   120.0    128.0
w44uh  118.0   369.0   155.0    194.0
w45uh  108.0   382.0   189.0    186.0
w46uh  122.0   322.0   144.0    162.0
w47uh  135.0   341.0   231.0    212.0
w48uh   83.0   291.0   153.0    164.0
w49uh  129.0   344.0   138.0    152.0
w50uh   96.0   358.0   168.0    185.0
b01uh   53.0   258.0    90.0     80.0
b02uh  168.0   329.0   181.0    197.0
b03uh   72.0   298.0   129.0    129.0
b04uh  146.0   439.0   181.0    208.0
b05uh   57.0   207.0    83.0     84.0
b07uh  103.0   413.0   152.0    160.0
b08uh  178.0   420.0   221.0    202.0
b09uh  220.0   448.0   269.0    271.0
b10uh  163.0   411.0   191.0    192.0
b11uh  129.0   395.0   154.0    171.0
b12uh  114.0   412.0   172.0    164.0
b13uh  160.0   410.0   209.0    209.0
b14uh  140.0   355.0   160.0    181.0
b15uh  103.0   410.0   254.0    203.0
b16uh  102.0   402.0   159.0    175.0
b17uh   67.0   306.0    82.0     87.0
b18uh  107.0   340.0   142.0    168.0
b19uh   69.0   310.0   130.0    109.0
b21uh   66.0   320.0   159.0    158.0
b22uh  181.0   477.0   238.0    226.6
b23uh  103.0   322.0   138.0    162.2
b24uh  117.0   275.0   139.0    144.0
b25uh  153.0   376.0   196.0    174.7
b26uh  117.0   409.0   200.0    136.3
b27uh  120.0   292.0   146.0    155.5
b28uh  133.0   345.0   175.0    157.4
b29uh  112.0   355.0   150.0    163.2
g01uh  132.0   332.0   150.0    155.0
g02uh  101.0   316.0   149.0    141.0
g04uh  151.0   426.0   214.0    219.0
g05uh  112.0   402.0   164.0    173.0
g06uh  162.0   380.0   185.0    198.0
g07uh  143.0   429.0   172.0    186.0
g08uh  197.0   500.0   348.0    276.0
g09uh   65.0   313.0   121.0    136.0
g10uh  107.0   329.0   138.0    141.0
g11uh  112.0   339.0   202.0    186.0
g12uh   93.0   319.0   118.0    119.0
g13uh  171.0   403.0   257.0    231.0
g14uh   85.0   344.0   136.0    140.0
g15uh   80.0   382.0   120.0    126.0
g17uh  147.0   362.0   178.0    177.6
g18uh  243.0   469.0   336.0    313.0
g19uh  115.0   299.0   140.0    142.1
g20uh  110.0   320.0   145.0    141.1
g21uh  146.0   323.0   164.2    164.2
m01uw  184.4   465.3   228.0    233.0
m02uw  151.0   408.0   212.0    239.0
m03uw   84.0   504.0   266.0    235.0
m04uw   72.0   360.0   112.0    136.0
m06uw   65.0   296.0   215.0    181.0
m07uw   88.0   319.0   172.0    148.0
m08uw   69.0   308.0   168.0    155.0
m09uw   78.0   374.0   122.0    153.0
m10uw  111.0   348.0   210.0    201.0
m11uw  135.0   462.0   325.0    220.0
m13uw  132.0   372.0   170.0    170.0
m14uw  100.0   360.0   241.0    216.0
m16uw  161.0   344.0   243.0    216.0
m17uw   71.0   281.0   119.0    160.0
m18uw  129.0   393.0   212.0    204.0
m19uw  170.0   396.0   183.0    208.0
m20uw   80.0   364.0   230.0    231.0
m21uw   92.0   288.0   190.0    180.0
m22uw  159.0   434.0   192.0    310.0
m23uw   87.0   317.0   160.0    202.0
m24uw   96.0   335.0   125.0    161.0
m25uw   83.0   287.0   130.0    123.0
m26uw   96.0   321.0   175.0    144.0
m27uw   76.0   283.0   176.0    166.0
m28uw  126.0   323.0   156.0    161.0
m29uw  153.0   338.0   175.0    178.0
m30uw  123.0   411.0   257.0    218.0
m31uw   82.0   253.0   177.0    172.0
m32uw   96.0   281.0   160.0    152.0
m33uw   62.0   303.0   116.0    136.0
m34uw  116.0   360.0   178.0    216.0
m35uw   87.0   341.0   175.0    172.0
m36uw  130.0   395.0   181.0    149.0
m37uw  103.0   296.0   169.0    136.0
m38uw   73.0   268.0   114.0    129.0
m39uw  129.0   379.0   144.0    156.0
m40uw   92.0   297.0   196.0    160.0
m41uw   89.0   289.0   189.0    208.0
m42uw   79.0   335.0   128.0    144.0
m44uw   38.0   257.0   155.0    159.0
m45uw  122.0   367.0   261.0    244.0
m47uw   83.0   333.0   112.0    138.0
m48uw   86.0   298.0   184.0    165.0
m49uw  106.0   231.0   118.0    127.0
m50uw   82.0   304.0   136.0    127.0
w01uw  100.0   381.0   206.0    211.0
w02uw  151.0   560.0   377.0    333.0
w03uw   94.0   365.0   271.0    255.0
w04uw   97.0   527.0   370.0    327.0
w05uw  119.0   447.0   218.0    197.0
w06uw   97.0   408.0   186.0    240.0
w07uw  159.0   543.0   308.0    205.0
w08uw  115.0   402.0   167.0    185.0
w09uw   94.0   359.0   200.0    196.0
w10uw   78.0   429.0   240.0    179.0
w11uw   71.0   448.0   126.0    159.0
w12uw  148.0   448.0   295.0    287.0
w13uw   67.0   365.0   279.0    250.0
w14uw  144.0   385.0   208.0    187.0
w15uw  143.0   441.0   264.0    280.0
w16uw  128.0   396.0   264.0    241.0
w17uw  125.0   391.0   265.0    248.0
w19uw   96.0   389.0   243.0    217.0
w20uw  132.0   415.0   321.0    303.0
w21uw  164.0   542.0   252.0    229.0
w22uw   94.0   404.0   239.0    229.0
w23uw   92.0   455.0   235.0    260.0
w24uw  110.0   437.0   312.0    241.0
w25uw  128.0   510.0   264.0    277.0
w26uw  183.0   516.0   208.0    214.0
w27uw   90.0   324.0   131.0    155.0
w28uw  117.0   299.0   200.0    216.0
w29uw  137.0   411.0   169.0    188.0
w30uw   95.0   369.0   168.0    232.0
w31uw   87.0   364.0   184.0    122.0
w32uw  142.0   384.0   201.0    183.0
w33uw  123.0   414.0   235.0    247.0
w34uw  142.0   386.0   282.0    295.0
w35uw  133.0   427.0   149.0    168.0
w36uw  155.0   560.0   208.0    224.0
w37uw  156.0   562.0   272.0    297.0
w38uw  106.0   383.0   265.0    217.0
w39uw  132.0   398.0   288.0    253.0
w40uw  189.0   485.0   249.0    272.0
w41uw  135.0   370.0   213.0    240.0
w42uw   70.0   342.0   216.0    217.0
w44uw  139.0   485.0   201.0    287.0
w45uw  119.0   459.0   307.0    312.0
w46uw  110.0   412.0   183.0    171.0
w47uw  148.0   420.0   243.0    231.0
w48uw   77.0   342.0   227.0    222.0
w49uw   91.0   339.0   108.0    120.0
w50uw  109.0   417.0   161.0    156.0
b01uw   71.0   324.0   166.0    120.0
b02uw  112.0   439.0   191.0    196.0
b03uw   74.0   378.0   165.0    171.0
b04uw  164.0   456.0   296.0    288.0
b05uw  160.0   420.0   256.0    277.0
b07uw  180.0   483.0   272.0    245.0
b08uw  222.0   484.0   300.0    303.0
b09uw  121.0   332.0   227.0    210.0
b10uw  133.0   408.0   176.0    178.0
b11uw  113.0   359.0   251.0    179.0
b12uw  137.0   450.0   187.0    185.0
b13uw  127.0   360.0   213.0    258.0
b14uw  130.0   393.0   285.0    233.0
b15uw  119.0   443.0   337.0    260.0
b16uw   96.0   370.0   259.0    230.0
b17uw  108.0   336.0   238.0    194.0
b18uw  111.0   380.0   241.0    212.0
b19uw   62.0   332.0   238.0    219.0
b21uw  124.0   444.0   266.0    249.0
b22uw  162.0   405.0   220.0    191.0
b23uw  127.0   378.0   172.0    184.0
b24uw  106.0   320.0   144.0    122.9
b25uw  109.0   395.0   211.0    192.0
b26uw  132.0   452.0   310.0    163.2
b27uw  117.0   350.0   228.0    192.2
b28uw  129.0   384.0   180.0    208.0
b29uw  152.0   454.0   284.0    312.5
g01uw  218.0   545.0   268.0    281.0
g02uw  180.0   416.0   224.0    229.0
g04uw  160.0   460.0   214.0    216.0
g05uw  212.0   590.0   353.0    322.0
g06uw  139.0   385.0   272.0    288.0
g07uw  183.0   550.0   266.0    287.0
g08uw  166.0   481.0   232.0    256.0
g09uw   83.0   390.0   261.0    261.0
g10uw  201.0   519.0   289.0    260.0
g11uw  145.0   469.0   299.0    272.0
g12uw  112.0   385.0   139.0    158.0
g13uw  106.0   392.0   264.0    276.0
g14uw   83.0   387.0   120.0    137.0
g15uw  111.0   479.0   314.0    248.0
g17uw   75.0   320.0   104.0    101.8
g18uw  123.0   438.0   159.0    151.7
g19uw  134.0   326.0   158.0    155.5
g20uw  104.0   352.0   132.5    128.6
g21uw  100.0   327.0   202.6    187.2
